59,4,345,172,0.55,Pen
409,176,546,323,0.80,rubik-s cube
412,194,553,341,0.68,rubik-s cube
422,203,572,356,0.76,rubik-s cube
436,204,578,354,0.86,rubik-s cube
438,206,583,354,0.83,rubik-s cube
435,207,578,352,0.85,rubik-s cube
430,208,573,352,0.83,rubik-s cube
428,206,576,353,0.80,rubik-s cube
427,204,572,351,0.85,rubik-s cube
424,205,568,349,0.81,rubik-s cube
418,202,563,344,0.75,rubik-s cube
414,204,540,349,0.77,rubik-s cube
407,202,533,345,0.88,rubik-s cube
404,203,522,344,0.85,rubik-s cube
401,203,521,344,0.88,rubik-s cube
400,204,520,341,0.87,rubik-s cube
399,204,518,342,0.85,rubik-s cube
401,205,519,343,0.86,rubik-s cube
399,206,518,346,0.85,rubik-s cube
400,207,519,347,0.85,rubik-s cube
400,207,522,349,0.84,rubik-s cube
400,207,517,346,0.85,rubik-s cube
400,255,507,372,0.55,rubik-s cube
399,253,513,368,0.84,rubik-s cube
398,253,511,366,0.82,rubik-s cube
396,251,506,373,0.84,rubik-s cube
395,256,505,373,0.85,rubik-s cube
397,256,507,374,0.77,rubik-s cube
394,255,507,372,0.81,rubik-s cube
395,256,506,373,0.82,rubik-s cube
396,254,507,372,0.86,rubik-s cube
395,253,506,372,0.86,rubik-s cube
395,256,508,373,0.83,rubik-s cube
395,254,507,368,0.84,rubik-s cube
397,255,507,370,0.85,rubik-s cube
397,256,509,372,0.85,rubik-s cube
397,256,514,371,0.85,rubik-s cube
396,255,512,372,0.86,rubik-s cube
397,256,510,372,0.81,rubik-s cube
397,256,510,373,0.82,rubik-s cube
398,255,505,373,0.84,rubik-s cube
397,256,506,374,0.84,rubik-s cube
398,256,506,375,0.81,rubik-s cube
398,256,506,373,0.81,rubik-s cube
399,255,506,374,0.83,rubik-s cube
398,256,507,375,0.82,rubik-s cube
398,256,511,374,0.77,rubik-s cube
397,256,507,374,0.82,rubik-s cube
398,256,507,374,0.81,rubik-s cube
397,258,511,373,0.71,rubik-s cube
398,257,518,374,0.82,rubik-s cube
398,256,521,374,0.83,rubik-s cube
398,257,519,376,0.81,rubik-s cube
398,255,518,374,0.85,rubik-s cube
401,256,512,376,0.83,rubik-s cube
401,256,518,375,0.82,rubik-s cube
402,256,520,373,0.85,rubik-s cube
401,256,519,375,0.86,rubik-s cube
401,256,519,373,0.83,rubik-s cube
400,256,515,374,0.82,rubik-s cube
401,255,514,374,0.83,rubik-s cube
400,254,513,375,0.86,rubik-s cube
400,255,515,377,0.84,rubik-s cube
398,256,512,376,0.80,rubik-s cube
397,256,522,375,0.74,rubik-s cube
398,256,513,374,0.82,rubik-s cube
400,256,514,376,0.76,rubik-s cube
398,256,514,377,0.85,rubik-s cube
398,256,515,377,0.80,rubik-s cube
399,257,513,376,0.82,rubik-s cube
398,256,515,375,0.79,rubik-s cube
397,256,515,377,0.80,rubik-s cube
398,256,510,375,0.86,rubik-s cube
397,257,515,377,0.79,rubik-s cube
398,257,515,377,0.82,rubik-s cube
396,256,520,377,0.80,rubik-s cube
400,257,509,376,0.85,rubik-s cube
399,257,515,374,0.82,rubik-s cube
400,260,509,377,0.80,rubik-s cube
69,6,343,167,0.51,Pen
560,362,621,478,0.50,Pen
69,6,342,166,0.51,Pen
69,7,341,164,0.55,Pen
70,6,344,166,0.51,Pen
71,7,341,166,0.56,Pen
154,240,266,363,0.67,rubik-s cube
560,361,618,477,0.54,Pen
163,237,273,362,0.62,rubik-s cube
167,234,276,353,0.80,rubik-s cube
171,233,276,349,0.76,rubik-s cube
174,230,277,343,0.70,rubik-s cube
173,231,278,347,0.76,rubik-s cube
175,231,278,343,0.71,rubik-s cube
177,231,279,343,0.74,rubik-s cube
179,233,283,345,0.70,rubik-s cube
178,235,278,347,0.71,rubik-s cube
177,233,277,345,0.76,rubik-s cube
175,233,279,342,0.78,rubik-s cube
177,232,281,347,0.62,rubik-s cube
178,237,278,348,0.65,rubik-s cube
178,234,280,344,0.54,rubik-s cube
178,233,284,345,0.67,rubik-s cube
179,232,286,348,0.54,rubik-s cube
180,232,287,349,0.70,rubik-s cube
179,233,284,351,0.53,rubik-s cube
179,234,281,345,0.56,rubik-s cube
179,233,286,344,0.68,rubik-s cube
179,235,285,346,0.64,rubik-s cube
179,233,281,342,0.70,rubik-s cube
179,233,283,341,0.79,rubik-s cube
178,236,283,345,0.73,rubik-s cube
178,234,285,345,0.56,rubik-s cube
177,236,283,347,0.55,rubik-s cube
178,238,286,348,0.65,rubik-s cube
179,237,283,345,0.63,rubik-s cube
178,238,282,346,0.64,rubik-s cube
327,35,450,142,0.50,phone
273,17,390,117,0.73,rubik-s cube
273,18,391,117,0.86,rubik-s cube
277,16,393,118,0.84,rubik-s cube
276,17,392,116,0.80,rubik-s cube
278,18,393,120,0.81,rubik-s cube
278,13,392,118,0.52,rubik-s cube
280,9,392,118,0.52,rubik-s cube
281,7,395,115,0.71,rubik-s cube
282,5,395,119,0.67,rubik-s cube
282,7,393,115,0.73,rubik-s cube
284,6,395,116,0.68,rubik-s cube
281,9,393,116,0.59,rubik-s cube
283,10,394,117,0.60,rubik-s cube
282,7,396,116,0.58,rubik-s cube
292,7,409,116,0.63,rubik-s cube
296,8,411,115,0.72,rubik-s cube
296,10,407,114,0.74,rubik-s cube
332,311,491,474,0.58,rubik-s cube
317,311,478,471,0.88,rubik-s cube
307,309,474,465,0.88,rubik-s cube
305,308,475,464,0.88,rubik-s cube
312,309,476,458,0.87,rubik-s cube
311,303,479,459,0.89,rubik-s cube
312,305,477,455,0.90,rubik-s cube
314,304,478,454,0.90,rubik-s cube
316,304,479,453,0.89,rubik-s cube
319,305,478,449,0.90,rubik-s cube
321,302,479,451,0.90,rubik-s cube
326,304,480,447,0.91,rubik-s cube
326,300,480,444,0.90,rubik-s cube
326,303,481,446,0.91,rubik-s cube
327,303,478,445,0.91,rubik-s cube
324,301,479,446,0.91,rubik-s cube
328,304,479,444,0.91,rubik-s cube
323,303,475,439,0.91,rubik-s cube
321,303,474,442,0.90,rubik-s cube
325,304,479,442,0.90,rubik-s cube
325,304,482,446,0.90,rubik-s cube
325,305,482,446,0.90,rubik-s cube
325,303,483,445,0.90,rubik-s cube
324,305,483,448,0.91,rubik-s cube
327,305,485,448,0.90,rubik-s cube
327,304,483,445,0.91,rubik-s cube
90,272,218,379,0.65,phone
0,288,82,410,0.80,rubik-s cube
0,286,86,411,0.81,rubik-s cube
0,286,100,402,0.53,phone
0,289,97,399,0.70,rubik-s cube
0,287,107,406,0.89,rubik-s cube
1,287,112,407,0.87,rubik-s cube
0,285,113,406,0.89,rubik-s cube
1,283,116,404,0.90,rubik-s cube
0,283,117,405,0.90,rubik-s cube
0,282,115,401,0.90,rubik-s cube
0,280,115,400,0.89,rubik-s cube
0,280,114,399,0.89,rubik-s cube
0,280,115,398,0.90,rubik-s cube
0,282,112,390,0.83,rubik-s cube
0,278,113,397,0.90,rubik-s cube
0,277,118,388,0.71,rubik-s cube
0,268,133,379,0.70,phone
0,382,119,480,0.58,Ball
232,44,491,438,0.46,Ball
256,31,517,469,0.30,Ball
52,426,191,480,0.43,phone
0,232,226,396,0.30,Pen
65,394,201,480,0.40,phone
0,272,256,372,0.29,Pen
0,195,245,330,0.30,Pen
89,388,204,480,0.49,phone
0,262,260,362,0.30,Pen
100,378,198,480,0.50,phone
5,217,250,334,0.29,Pen
280,47,537,453,0.37,phone
289,50,528,442,0.26,Ball
78,103,360,456,0.39,phone
131,144,343,468,0.41,phone
208,166,382,457,0.75,phone
194,175,366,417,0.63,phone
156,155,405,393,0.36,phone
105,56,564,446,0.59,phone
155,148,333,456,0.35,phone
159,153,336,453,0.39,phone
157,147,336,455,0.35,phone
134,114,323,375,0.29,phone
130,96,310,430,0.41,phone
130,102,312,388,0.26,phone
130,115,317,416,0.27,phone
129,113,318,420,0.32,phone
137,119,320,405,0.34,phone
139,124,316,403,0.31,phone
136,126,321,405,0.30,phone
114,105,298,428,0.39,phone
82,439,140,480,0.27,phone
114,0,328,479,0.29,phone
118,9,337,470,0.45,phone
113,21,323,477,0.42,phone
117,22,321,474,0.47,phone
115,20,325,478,0.50,phone
123,16,336,473,0.50,phone
121,15,339,472,0.51,phone
136,23,337,473,0.62,phone
138,25,339,473,0.57,phone
136,26,341,472,0.57,phone
138,23,342,476,0.55,phone
135,25,343,471,0.55,phone
135,23,344,475,0.53,phone
134,26,345,477,0.57,phone
138,22,345,478,0.50,phone
137,26,345,473,0.35,phone
143,26,348,473,0.47,phone
144,26,351,475,0.36,phone
149,28,351,473,0.30,phone
144,32,352,468,0.34,phone
135,39,355,466,0.53,phone
135,38,359,469,0.67,phone
133,35,361,473,0.64,phone
133,38,357,473,0.70,phone
139,42,360,479,0.66,phone
135,47,406,480,0.64,phone
138,40,389,480,0.63,phone
149,37,381,472,0.51,phone
141,40,383,480,0.55,phone
135,32,362,472,0.51,phone
139,42,360,480,0.59,phone
146,46,370,480,0.53,phone
144,44,381,480,0.53,phone
147,44,385,480,0.56,phone
146,46,396,480,0.53,phone
150,44,381,480,0.48,phone
148,46,375,480,0.48,phone
138,35,357,469,0.36,phone
136,42,353,480,0.37,phone
141,44,359,480,0.64,phone
144,46,358,480,0.64,phone
136,59,349,480,0.62,phone
136,60,340,480,0.67,phone
137,64,338,480,0.73,phone
137,58,346,480,0.72,phone
136,60,340,480,0.72,phone
136,54,333,480,0.72,phone
141,58,341,480,0.60,phone
122,60,329,480,0.51,phone
123,66,327,480,0.72,phone
123,63,327,480,0.75,phone
122,58,329,480,0.68,phone
123,59,328,478,0.75,phone
126,60,327,480,0.70,phone
125,58,329,480,0.72,phone
128,55,329,479,0.69,phone
133,43,333,475,0.49,phone
126,59,328,480,0.68,phone
124,60,329,480,0.70,phone
130,41,334,479,0.66,phone
130,47,333,480,0.70,phone
132,42,335,479,0.74,phone
133,54,341,480,0.72,phone
135,52,341,480,0.72,phone
129,54,333,480,0.74,phone
138,58,340,480,0.72,phone
137,54,342,480,0.72,phone
130,46,350,480,0.61,phone
135,42,361,480,0.49,phone
143,51,365,480,0.56,phone
144,61,358,480,0.64,phone
138,54,357,480,0.63,phone
130,61,352,480,0.67,phone
126,51,353,480,0.66,phone
133,53,347,480,0.69,phone
134,60,350,480,0.65,phone
129,56,352,480,0.67,phone
104,71,638,480,0.26,phone
131,56,355,480,0.70,phone
102,69,640,480,0.30,phone
137,59,351,480,0.68,phone
135,58,349,480,0.62,phone
133,57,353,480,0.64,phone
135,60,348,480,0.66,phone
133,55,349,480,0.67,phone
137,59,349,480,0.68,phone
138,57,349,480,0.67,phone
144,52,345,472,0.56,phone
146,54,350,480,0.57,phone
147,59,352,480,0.57,phone
149,60,356,480,0.68,phone
146,55,350,480,0.61,phone
145,64,347,480,0.57,phone
146,68,346,480,0.60,phone
148,66,350,480,0.57,phone
155,64,356,480,0.56,phone
149,58,358,480,0.57,phone
149,58,357,480,0.57,phone
156,52,368,480,0.40,phone
159,52,375,480,0.51,phone
152,50,371,480,0.46,phone
157,51,371,480,0.48,phone
163,55,376,480,0.54,phone
158,53,380,480,0.63,phone
162,60,383,480,0.44,phone
0,345,256,480,0.26,Ball
124,9,429,428,0.26,Ball
0,14,631,478,0.35,Ball
0,69,532,480,0.41,Ball
0,0,630,480,0.42,Ball
11,69,640,480,0.27,Ball
346,8,596,319,0.39,Ball
298,323,418,480,0.26,phone
318,338,424,479,0.27,phone
324,323,434,458,0.37,phone
269,8,640,479,0.26,phone
274,3,640,480,0.29,phone
411,0,640,476,0.54,phone
271,0,640,370,0.29,phone
450,3,640,471,0.26,Ball
423,114,627,366,0.28,Ball
441,361,636,480,0.33,Ball
342,385,534,480,0.69,Ball
338,316,559,479,0.32,Ball
362,312,595,479,0.59,Ball
368,306,611,480,0.41,Ball
340,299,578,480,0.39,Ball
307,131,504,432,0.39,Ball
280,132,457,408,0.53,Ball
184,162,312,274,0.58,Ball
178,153,304,263,0.76,Ball
178,149,292,250,0.77,Ball
174,142,291,248,0.74,Ball
152,146,293,251,0.73,Ball
193,151,295,252,0.85,Ball
192,150,294,255,0.83,Ball
181,149,284,253,0.73,Ball
176,148,281,252,0.76,Ball
178,148,282,251,0.74,Ball
183,150,282,252,0.79,Ball
180,149,281,256,0.76,Ball
181,151,286,255,0.77,Ball
180,152,285,256,0.73,Ball
175,151,277,259,0.74,Ball
99,165,261,314,0.64,Ball
176,157,270,255,0.46,Ball
174,156,266,250,0.52,Ball
169,156,259,255,0.45,Ball
166,155,253,251,0.35,Ball
162,155,252,257,0.30,Ball
180,156,278,263,0.25,Ball
173,154,272,252,0.25,Ball
77,300,238,439,0.80,Ball
69,297,229,434,0.84,Ball
75,262,225,391,0.82,Ball
79,230,216,348,0.65,Ball
87,216,220,331,0.83,Ball
82,217,215,338,0.81,Ball
82,216,214,337,0.83,Ball
81,218,210,338,0.77,Ball
81,217,211,338,0.82,Ball
79,220,209,339,0.77,Ball
77,220,207,342,0.77,Ball
76,220,206,340,0.74,Ball
76,219,206,339,0.82,Ball
75,220,208,340,0.72,Ball
72,219,205,333,0.78,Ball
38,213,165,316,0.26,Ball
152,202,276,309,0.29,Ball
142,199,270,308,0.41,Ball
144,201,272,315,0.45,Ball
145,200,273,314,0.47,Ball
145,201,271,314,0.44,Ball
143,200,270,313,0.31,Ball
142,200,269,314,0.53,Ball
142,199,269,311,0.48,Ball
141,200,268,314,0.59,Ball
135,197,262,308,0.54,Ball
137,179,257,288,0.78,Ball
141,173,259,276,0.51,Ball
150,160,258,270,0.28,Ball
149,156,255,264,0.33,Ball
149,155,254,261,0.45,Ball
146,155,254,261,0.60,Ball
140,157,252,264,0.33,Ball
140,162,251,271,0.39,Ball
143,167,252,274,0.35,Ball
141,167,253,271,0.41,Ball
135,169,250,274,0.34,Ball
135,168,248,273,0.52,Ball
136,168,249,274,0.40,Ball
135,169,248,278,0.36,Ball
130,166,244,269,0.56,Ball
136,169,248,275,0.55,Ball
135,168,247,275,0.52,Ball
134,168,246,273,0.55,Ball
136,168,247,273,0.57,Ball
135,168,245,276,0.41,Ball
133,168,245,275,0.60,Ball
136,168,246,272,0.47,Ball
145,167,249,271,0.43,Ball
146,167,247,274,0.33,Ball
264,111,459,365,0.26,Ball
145,170,244,275,0.34,Ball
134,168,238,274,0.37,Ball
116,175,233,287,0.40,Ball
111,184,224,303,0.63,Ball
79,225,210,354,0.77,Ball
76,233,214,370,0.81,Ball
92,240,229,385,0.58,Ball
73,269,216,433,0.49,Ball
21,279,226,472,0.43,Ball
38,291,205,475,0.73,Ball
45,294,204,466,0.79,Ball
38,300,203,475,0.70,Ball
39,307,201,471,0.77,Ball
39,307,201,468,0.77,Ball
40,307,201,468,0.76,Ball
40,306,201,467,0.76,Ball
42,301,197,471,0.71,Ball
43,301,197,472,0.70,Ball
38,306,201,469,0.73,Ball
25,301,189,469,0.68,Ball
80,230,247,378,0.59,Ball
67,185,244,338,0.76,Ball
43,183,228,338,0.70,Ball
34,177,210,323,0.26,Ball
120,184,261,324,0.42,Ball
142,184,277,317,0.33,Ball
139,183,280,316,0.40,phone
185,190,301,326,0.64,Ball
216,191,398,364,0.33,Ball
234,228,370,352,0.76,Ball
227,226,363,373,0.50,Ball
222,225,356,365,0.45,Ball
226,213,358,372,0.27,Ball
232,123,433,372,0.49,Ball
233,131,436,371,0.46,Ball
234,148,426,381,0.40,Ball
245,208,386,355,0.64,Ball
243,186,399,371,0.37,Ball
248,210,388,353,0.67,Ball
251,210,391,349,0.68,Ball
253,207,396,347,0.79,Ball
252,206,399,345,0.70,Ball
256,202,391,359,0.59,Ball
252,210,397,348,0.69,Ball
255,204,393,356,0.57,Ball
254,193,404,360,0.41,Ball
253,187,406,365,0.33,Ball
244,177,419,372,0.29,Ball
241,135,438,398,0.26,Ball
242,133,437,402,0.26,Ball
247,174,419,379,0.42,Ball
474,0,639,459,0.28,phone
474,0,639,480,0.49,Pen
0,288,140,403,0.69,Ball
69,239,199,364,0.66,Ball
414,238,553,379,0.67,Ball
100,209,233,329,0.86,Ball
108,211,244,331,0.86,Ball
106,198,240,318,0.84,Ball
118,190,252,311,0.83,Ball
443,223,564,343,0.44,Ball
128,188,259,308,0.82,Ball
132,188,259,303,0.87,Ball
139,200,261,311,0.83,Ball
145,211,259,317,0.87,Ball
143,213,257,325,0.87,Ball
142,217,256,327,0.86,Ball
142,218,256,328,0.87,Ball
138,220,254,331,0.87,Ball
138,220,258,334,0.85,Ball
135,224,256,339,0.83,Ball
132,226,251,339,0.85,Ball
132,229,250,341,0.83,Ball
131,228,249,342,0.84,Ball
128,228,243,340,0.86,Ball
126,230,243,342,0.85,Ball
125,229,243,342,0.85,Ball
123,227,239,339,0.84,Ball
419,235,533,359,0.27,Ball
123,228,239,341,0.85,Ball
414,230,525,349,0.55,Ball
117,234,236,346,0.85,Ball
402,222,518,340,0.70,Ball
102,240,222,358,0.87,Ball
403,220,518,336,0.64,Ball
45,271,181,395,0.78,Ball
404,220,519,335,0.69,Ball
30,272,170,395,0.86,Ball
148,455,187,480,0.27,Ball
406,221,521,338,0.53,Ball
34,274,175,392,0.89,Ball
407,222,521,341,0.61,Ball
36,274,176,393,0.89,Ball
409,221,524,338,0.68,Ball
34,275,174,392,0.89,Ball
415,220,529,338,0.68,Ball
34,274,174,392,0.89,Ball
415,220,527,336,0.57,Ball
33,274,173,391,0.88,Ball
413,220,529,337,0.66,Ball
33,273,173,392,0.88,Ball
416,221,532,338,0.47,Ball
32,272,172,391,0.89,Ball
417,222,529,338,0.48,Ball
33,274,172,392,0.89,Ball
419,223,532,340,0.58,Ball
36,274,173,394,0.89,Ball
418,226,530,340,0.55,Ball
35,275,174,392,0.89,Ball
420,228,530,342,0.46,Ball
33,277,173,397,0.88,Ball
418,228,531,343,0.60,Ball
42,281,181,399,0.87,Ball
417,228,531,345,0.68,Ball
50,280,191,402,0.88,Ball
417,230,531,346,0.66,Ball
49,281,189,405,0.87,Ball
415,230,527,347,0.71,Ball
51,281,193,404,0.87,Ball
415,230,527,346,0.60,Ball
59,280,198,401,0.85,Ball
415,230,526,348,0.68,Ball
55,281,196,406,0.84,Ball
415,230,525,348,0.67,Ball
55,282,197,407,0.84,Ball
412,231,526,348,0.59,Ball
53,282,194,408,0.85,Ball
408,233,524,350,0.60,Ball
54,281,194,403,0.86,Ball
409,234,528,351,0.51,Ball
53,281,193,407,0.85,Ball
405,236,533,353,0.53,Ball
48,281,191,404,0.86,Ball
405,235,525,356,0.53,Ball
47,281,186,404,0.87,Ball
406,235,525,355,0.53,Ball
47,282,189,407,0.85,Ball
406,234,527,352,0.30,Ball
47,281,188,405,0.86,Ball
47,282,189,406,0.84,Ball
48,282,189,407,0.84,Ball
46,283,189,408,0.85,Ball
410,238,533,361,0.41,Ball
46,285,191,413,0.83,Ball
416,238,534,357,0.39,Ball
47,285,191,413,0.83,Ball
421,234,528,350,0.63,Ball
48,287,194,412,0.83,Ball
7,369,174,480,0.56,Ball
5,295,152,480,0.31,phone
0,262,215,480,0.60,phone
0,298,174,480,0.76,phone
0,296,137,480,0.67,phone
0,293,113,476,0.63,phone
0,293,112,479,0.73,phone
0,293,111,476,0.56,phone
0,294,115,477,0.72,phone
0,296,115,477,0.78,phone
0,296,113,478,0.78,phone
0,295,114,476,0.60,phone
0,295,115,476,0.49,phone
0,296,119,480,0.49,phone
0,298,117,480,0.47,phone
0,297,110,474,0.49,phone
0,297,106,480,0.29,phone
0,297,107,480,0.45,phone
0,298,108,479,0.45,phone
0,298,107,479,0.43,phone
0,298,106,478,0.42,phone
0,297,107,478,0.28,phone
0,299,106,480,0.27,phone
0,299,105,479,0.36,phone
161,242,300,460,0.79,phone
461,188,637,358,0.27,Pen
406,121,569,454,0.74,phone
450,99,612,429,0.76,phone
456,86,620,445,0.71,phone
452,92,622,442,0.84,phone
453,88,620,434,0.72,phone
455,87,623,438,0.70,phone
457,79,621,449,0.54,phone
456,88,623,440,0.68,phone
455,101,620,436,0.83,phone
444,127,610,448,0.70,phone
427,217,588,477,0.64,phone
465,330,616,480,0.32,phone
460,388,614,480,0.66,phone
453,341,600,480,0.64,phone
431,226,564,474,0.42,phone
402,185,549,447,0.68,phone
390,172,526,412,0.86,phone
383,153,513,380,0.89,phone
371,141,501,361,0.89,phone
365,124,489,323,0.90,phone
360,109,473,290,0.89,phone
357,90,467,257,0.91,phone
348,77,461,230,0.91,phone
348,64,456,204,0.91,phone
348,50,451,188,0.88,phone
340,46,442,176,0.82,phone
337,48,439,162,0.83,phone
330,48,445,166,0.81,phone
332,44,437,165,0.81,phone
324,42,440,163,0.71,phone
322,42,431,160,0.79,phone
319,43,433,159,0.78,phone
317,42,419,157,0.75,phone
315,42,421,156,0.69,phone
315,44,418,161,0.65,phone
315,47,420,170,0.65,phone
320,47,423,191,0.89,phone
325,55,426,212,0.92,phone
327,68,441,263,0.54,phone
338,87,445,280,0.86,phone
352,102,468,311,0.53,phone
367,128,480,362,0.63,phone
375,141,499,386,0.90,phone
381,143,508,390,0.91,phone
386,132,515,390,0.88,phone
394,93,540,404,0.78,phone
389,63,557,442,0.81,phone
366,45,573,461,0.30,phone
482,234,639,299,0.33,Pen
506,145,640,250,0.25,Pen
534,254,640,348,0.48,Pen
533,162,640,250,0.54,Pen
575,180,639,284,0.29,Pen
576,287,638,377,0.36,Pen
421,18,637,471,0.30,phone
616,420,640,477,0.46,Ball
542,375,640,452,0.61,Pen
554,289,640,362,0.62,Pen
493,349,640,414,0.52,Pen
501,273,640,352,0.57,Pen
460,219,640,397,0.33,Pen
452,311,637,408,0.35,Pen
340,122,508,480,0.54,phone
321,128,492,473,0.52,phone
326,164,468,460,0.86,phone
320,176,453,459,0.89,phone
322,195,452,446,0.81,phone
329,215,445,442,0.90,phone
328,222,438,444,0.92,phone
332,239,429,437,0.91,phone
332,251,420,441,0.90,phone
332,268,418,444,0.91,phone
332,278,416,446,0.91,phone
332,288,418,450,0.90,phone
335,302,419,455,0.90,phone
338,311,416,462,0.87,phone
343,322,419,467,0.86,phone
348,331,420,470,0.87,phone
352,341,430,478,0.87,phone
354,345,425,479,0.86,phone
355,349,424,480,0.87,phone
354,345,426,477,0.86,phone
353,343,427,476,0.85,phone
352,342,426,476,0.85,phone
351,342,427,475,0.85,phone
349,337,426,467,0.87,phone
346,326,426,464,0.84,phone
346,323,426,463,0.86,phone
344,317,416,463,0.84,phone
345,311,425,455,0.77,phone
347,301,426,445,0.87,phone
350,290,425,440,0.86,phone
351,281,427,437,0.87,phone
353,271,431,428,0.83,phone
355,263,437,429,0.86,phone
360,257,443,423,0.77,phone
365,243,450,419,0.87,phone
369,240,458,418,0.85,phone
380,229,470,418,0.88,phone
383,222,478,424,0.84,phone
386,221,489,432,0.91,phone
395,215,498,429,0.87,phone
394,201,502,430,0.87,phone
392,197,500,432,0.84,phone
391,184,507,447,0.76,phone
393,173,521,448,0.75,phone
394,160,531,456,0.43,phone
388,152,528,461,0.48,phone
379,140,530,466,0.29,phone
382,135,530,459,0.59,phone
381,115,545,460,0.39,phone
387,108,548,471,0.78,phone
380,91,563,480,0.38,phone
462,240,638,446,0.45,Pen
466,239,638,437,0.48,Pen
467,238,638,424,0.58,Pen
466,226,638,442,0.53,Pen
365,51,573,479,0.28,phone
470,229,637,444,0.53,Pen
469,228,637,436,0.55,Pen
467,231,638,437,0.61,Pen
370,55,574,480,0.37,phone
470,232,636,438,0.60,Pen
369,61,577,478,0.34,phone
471,233,637,435,0.66,Pen
370,58,578,475,0.25,phone
470,227,638,435,0.54,Pen
374,56,602,480,0.29,phone
479,227,640,376,0.29,Pen
379,54,577,480,0.29,phone
481,228,640,384,0.48,Pen
467,289,639,467,0.57,Pen
501,241,634,384,0.35,Pen
474,280,639,471,0.54,Pen
488,267,640,469,0.48,Pen
507,244,635,383,0.31,Pen
488,277,640,468,0.46,Pen
397,76,601,480,0.31,phone
488,237,637,445,0.55,Pen
478,239,637,437,0.63,Pen
396,81,583,480,0.40,phone
478,239,638,431,0.52,Pen
401,88,600,480,0.40,phone
482,248,638,432,0.50,Pen
404,90,615,475,0.40,phone
493,244,639,438,0.43,Pen
485,251,638,435,0.49,Pen
475,253,638,447,0.39,Pen
395,99,609,475,0.63,phone
473,240,637,442,0.40,Pen
391,100,603,470,0.59,phone
383,114,556,457,0.60,phone
374,179,495,407,0.84,phone
375,199,481,404,0.91,phone
373,210,467,401,0.89,phone
368,223,453,401,0.84,phone
362,239,442,412,0.89,phone
359,251,438,418,0.87,phone
361,261,438,421,0.88,phone
365,268,439,425,0.87,phone
365,275,436,428,0.88,phone
367,283,435,431,0.88,phone
370,288,436,434,0.88,phone
373,293,440,433,0.87,phone
372,298,437,436,0.88,phone
372,301,437,442,0.87,phone
371,304,437,437,0.87,phone
371,304,436,438,0.87,phone
370,300,436,436,0.86,phone
373,292,438,430,0.84,phone
374,282,439,423,0.86,phone
383,278,450,408,0.83,phone
386,266,454,413,0.82,phone
385,261,455,405,0.82,phone
385,243,458,399,0.83,phone
384,229,462,397,0.86,phone
382,216,467,401,0.88,phone
383,211,471,402,0.89,phone
382,202,475,402,0.88,phone
384,197,482,401,0.88,phone
385,189,488,398,0.89,phone
383,185,488,396,0.88,phone
377,180,486,401,0.71,phone
374,168,489,407,0.70,phone
379,164,497,412,0.59,phone
382,156,504,411,0.57,phone
385,150,512,413,0.77,phone
382,139,514,415,0.70,phone
372,137,517,419,0.87,phone
365,122,517,428,0.61,phone
356,107,513,419,0.81,phone
357,98,507,421,0.79,phone
355,46,532,435,0.33,phone
355,71,640,459,0.25,Pen
351,47,537,438,0.36,phone
354,45,536,446,0.32,phone
353,54,532,457,0.38,phone
353,49,532,461,0.27,phone
468,198,638,344,0.40,Pen
471,197,636,343,0.36,Pen
477,211,637,344,0.36,Pen
487,214,639,356,0.53,Pen
452,292,637,442,0.35,Pen
488,213,639,358,0.46,Pen
487,218,639,376,0.39,Pen
457,291,638,448,0.47,Pen
487,218,638,378,0.35,Pen
458,291,638,454,0.65,Pen
456,292,640,422,0.38,Pen
496,215,638,345,0.45,Pen
465,286,638,440,0.45,Pen
498,216,637,372,0.50,Pen
472,263,639,429,0.42,Pen
497,216,637,370,0.53,Pen
466,283,638,439,0.28,Pen
497,215,637,376,0.51,Pen
500,216,637,372,0.42,Pen
474,269,639,429,0.43,Pen
510,213,637,352,0.42,Pen
469,280,638,453,0.58,Pen
502,217,637,379,0.46,Pen
472,282,638,448,0.46,Pen
498,218,638,378,0.47,Pen
469,286,638,451,0.54,Pen
496,224,638,372,0.38,Pen
464,291,639,451,0.56,Pen
470,274,639,422,0.38,Pen
503,218,638,345,0.41,Pen
513,205,639,339,0.31,Pen
467,273,640,395,0.57,Pen
517,209,640,340,0.33,Pen
471,264,640,421,0.52,Pen
510,211,636,355,0.34,Pen
472,261,640,432,0.59,Pen
509,212,635,354,0.25,Pen
475,256,640,428,0.47,Pen
519,209,638,381,0.38,Pen
476,261,640,418,0.55,Pen
469,261,637,413,0.30,Pen
502,210,634,339,0.38,Pen
504,210,638,349,0.37,Pen
477,243,640,441,0.46,Pen
514,209,634,344,0.28,Pen
476,260,639,422,0.35,Pen
519,209,640,379,0.33,Pen
480,266,640,420,0.53,Pen
526,199,640,403,0.41,Pen
498,283,639,451,0.55,Pen
553,185,640,348,0.30,Pen
518,282,637,464,0.61,Pen
549,215,640,390,0.38,Pen
509,290,638,462,0.44,Pen
549,200,640,404,0.33,Pen
506,293,638,469,0.59,Pen
551,207,640,402,0.34,Pen
519,288,639,469,0.61,Pen
549,217,640,392,0.36,Pen
517,280,639,467,0.46,Pen
544,203,640,419,0.25,Pen
522,278,638,468,0.53,Pen
550,199,640,413,0.26,Pen
519,284,637,468,0.59,Pen
546,190,640,426,0.27,Pen
519,283,638,467,0.60,Pen
549,204,640,411,0.30,Pen
517,285,639,467,0.57,Pen
548,210,640,405,0.31,Pen
427,44,639,474,0.34,phone
509,291,638,471,0.52,Pen
429,42,639,475,0.28,phone
549,215,640,396,0.32,Pen
510,289,638,470,0.53,Pen
522,284,638,465,0.52,Pen
522,282,638,469,0.69,Pen
522,282,637,467,0.70,Pen
535,271,640,395,0.37,Pen
522,15,640,470,0.30,phone
498,202,637,331,0.26,Pen
469,233,640,398,0.29,Pen
3,397,247,480,0.36,Pen
172,127,310,395,0.37,phone
183,145,310,382,0.70,phone
194,163,315,384,0.69,phone
204,178,312,383,0.83,phone
209,190,316,386,0.84,phone
216,199,320,389,0.82,phone
219,210,321,396,0.87,phone
216,214,314,400,0.85,phone
184,208,299,389,0.73,phone
190,215,300,409,0.91,phone
212,220,309,411,0.91,phone
228,216,320,412,0.91,phone
239,217,325,409,0.92,phone
243,218,330,409,0.92,phone
247,221,329,411,0.90,phone
246,234,328,410,0.83,phone
243,239,324,415,0.91,phone
238,243,318,419,0.91,phone
230,249,309,420,0.91,phone
229,258,303,414,0.92,phone
224,264,294,418,0.89,phone
216,269,291,421,0.90,phone
213,272,284,419,0.90,phone
209,275,279,417,0.89,phone
206,274,275,413,0.89,phone
204,275,273,411,0.89,phone
203,275,272,413,0.89,phone
206,275,274,414,0.89,phone
195,268,265,406,0.87,phone
190,262,262,407,0.87,phone
192,259,263,416,0.89,phone
198,258,268,418,0.90,phone
195,246,277,428,0.91,phone
200,244,283,431,0.90,phone
210,244,302,434,0.87,phone
215,243,317,436,0.91,phone
219,232,330,434,0.93,phone
224,221,337,426,0.91,phone
220,215,338,420,0.88,phone
212,203,337,426,0.90,phone
207,197,332,427,0.92,phone
203,187,335,427,0.88,phone
200,182,347,444,0.87,phone
199,178,351,449,0.87,phone
198,166,347,474,0.82,phone
182,157,346,480,0.73,phone
171,155,344,477,0.68,phone
167,144,337,480,0.54,phone
168,132,339,479,0.46,phone
167,132,350,349,0.29,phone
169,103,347,480,0.34,phone
144,57,378,480,0.28,phone
139,0,443,476,0.27,phone
108,0,426,477,0.25,phone
102,0,422,480,0.38,phone
112,3,424,477,0.43,phone
0,374,203,470,0.30,Pen
111,2,423,480,0.41,phone
111,2,423,476,0.44,phone
110,10,422,476,0.51,phone
107,10,424,474,0.43,phone
112,7,419,474,0.36,phone
108,11,416,473,0.40,phone
111,13,403,475,0.43,phone
0,371,184,468,0.33,Pen
112,16,402,474,0.46,phone
0,373,184,471,0.40,Pen
112,18,399,472,0.42,phone
0,371,183,474,0.36,Pen
109,18,404,471,0.46,phone
93,10,390,480,0.30,phone
0,378,176,470,0.34,Pen
98,23,390,476,0.50,phone
98,21,394,477,0.48,phone
95,19,389,480,0.32,phone
0,379,175,469,0.31,Pen
96,20,384,479,0.38,phone
89,21,382,477,0.32,phone
0,374,169,473,0.35,Pen
90,17,375,480,0.38,phone
0,374,167,463,0.42,Pen
0,370,165,466,0.36,Pen
88,22,374,475,0.42,phone
0,373,170,458,0.34,Pen
91,23,373,474,0.51,phone
96,32,383,477,0.29,phone
0,373,176,468,0.35,Pen
1,427,275,480,0.31,Pen
190,137,479,469,0.32,phone
316,178,532,480,0.47,phone
350,211,570,480,0.57,phone
317,217,595,477,0.65,phone
319,215,605,477,0.42,phone
289,214,592,475,0.64,phone
316,216,599,480,0.48,phone
341,313,379,480,0.31,phone
376,356,416,480,0.82,phone
368,358,412,480,0.77,phone
369,362,413,479,0.85,phone
363,365,410,479,0.65,phone
362,364,413,479,0.64,phone
497,275,638,478,0.75,phone
198,377,346,480,0.81,phone
145,284,333,480,0.74,phone
162,286,375,480,0.46,phone
174,328,372,480,0.83,phone
188,347,406,480,0.76,phone
196,334,401,480,0.71,phone
207,309,405,480,0.62,phone
222,351,427,480,0.76,phone
230,354,432,480,0.75,phone
224,353,430,480,0.74,phone
226,357,427,480,0.77,phone
232,358,420,480,0.41,phone
222,358,414,480,0.56,phone
224,391,384,480,0.54,phone
209,386,385,480,0.45,phone
196,385,394,480,0.54,phone
204,385,389,480,0.43,phone
202,385,390,480,0.61,phone
201,383,390,480,0.70,phone
193,384,387,480,0.46,phone
192,384,388,480,0.38,phone
212,384,389,480,0.35,phone
209,387,389,480,0.54,phone
198,385,391,480,0.37,phone
358,342,491,480,0.29,phone
212,385,393,480,0.67,phone
204,383,389,480,0.62,phone
202,380,387,480,0.41,phone
221,384,387,480,0.69,phone
230,376,395,480,0.55,phone
277,327,502,480,0.78,phone
382,176,585,480,0.37,phone
388,161,577,480,0.78,phone
376,151,569,480,0.71,phone
365,146,588,480,0.48,phone
391,146,585,477,0.79,phone
383,140,590,480,0.60,phone
367,104,558,450,0.40,phone
353,31,571,453,0.36,phone
346,120,542,406,0.61,phone
346,137,526,351,0.41,phone
348,143,526,351,0.37,phone
349,144,521,353,0.42,phone
372,163,494,344,0.53,phone
364,172,489,341,0.67,phone
381,168,481,352,0.60,phone
377,168,473,334,0.48,phone
374,169,472,326,0.81,phone
365,168,462,324,0.89,phone
368,171,462,324,0.89,phone
366,170,459,322,0.89,phone
360,166,457,325,0.90,phone
361,166,453,319,0.89,phone
360,166,455,319,0.89,phone
359,167,454,320,0.89,phone
360,169,455,320,0.91,phone
358,169,454,322,0.90,phone
358,167,456,322,0.89,phone
352,166,459,325,0.87,phone
352,168,459,325,0.88,phone
351,167,460,324,0.88,phone
353,169,459,327,0.90,phone
353,169,461,327,0.89,phone
356,170,465,329,0.90,phone
358,174,468,333,0.85,phone
359,178,470,334,0.83,phone
356,180,470,335,0.80,phone
355,179,471,334,0.84,phone
359,178,470,335,0.84,phone
360,179,470,334,0.82,phone
361,177,468,340,0.77,phone
366,181,468,343,0.75,phone
369,183,469,345,0.78,phone
370,182,466,343,0.83,phone
370,181,466,343,0.86,phone
369,181,465,341,0.86,phone
367,182,468,340,0.85,phone
367,180,467,342,0.86,phone
366,182,469,343,0.81,phone
360,179,466,339,0.79,phone
365,178,466,339,0.82,phone
366,180,461,342,0.81,phone
364,176,466,330,0.83,phone
363,175,461,326,0.87,phone
359,173,459,324,0.85,phone
359,174,457,322,0.88,phone
359,175,453,322,0.86,phone
355,172,451,326,0.87,phone
355,173,454,323,0.87,phone
355,173,453,324,0.86,phone
354,173,452,323,0.89,phone
353,173,453,324,0.89,phone
352,173,453,321,0.89,phone
350,173,453,321,0.86,phone
351,173,451,320,0.87,phone
349,172,452,320,0.87,phone
348,172,453,320,0.86,phone
345,171,452,320,0.84,phone
343,171,452,326,0.72,phone
342,172,453,326,0.77,phone
340,172,451,326,0.85,phone
341,170,450,324,0.86,phone
340,168,451,322,0.91,phone
339,169,452,321,0.92,phone
339,168,452,321,0.93,phone
337,167,450,326,0.91,phone
337,167,445,324,0.92,phone
336,167,445,328,0.93,phone
336,168,443,325,0.92,phone
335,168,446,325,0.92,phone
338,170,447,330,0.92,phone
337,171,447,329,0.93,phone
337,171,445,333,0.91,phone
335,171,445,336,0.91,phone
339,175,444,338,0.91,phone
340,178,445,345,0.91,phone
340,179,444,347,0.90,phone
343,182,442,347,0.89,phone
343,182,440,322,0.88,phone
345,184,444,315,0.86,phone
349,186,436,349,0.88,phone
347,183,436,350,0.89,phone
341,185,438,353,0.88,phone
333,188,431,350,0.90,phone
330,189,434,349,0.89,phone
330,190,428,349,0.88,phone
327,188,429,350,0.89,phone
326,186,425,349,0.88,phone
322,187,421,349,0.90,phone
321,189,423,349,0.91,phone
319,185,417,352,0.90,phone
322,188,419,349,0.91,phone
323,189,421,350,0.90,phone
326,193,424,352,0.87,phone
327,192,418,353,0.88,phone
325,194,418,346,0.89,phone
330,198,426,354,0.89,phone
337,198,423,353,0.88,phone
333,193,421,353,0.89,phone
330,192,419,355,0.89,phone
324,190,420,355,0.89,phone
323,191,416,354,0.89,phone
324,193,420,350,0.89,phone
323,186,418,352,0.91,phone
321,182,420,354,0.91,phone
321,176,428,349,0.90,phone
322,168,430,349,0.87,phone
338,163,437,356,0.90,phone
344,158,447,365,0.93,phone
342,152,447,367,0.90,phone
339,148,459,381,0.89,phone
338,133,483,400,0.80,phone
343,133,489,414,0.77,phone
349,120,505,451,0.52,phone
355,108,532,477,0.62,phone
366,97,565,480,0.37,phone
367,98,570,480,0.71,phone
362,97,582,478,0.71,phone
356,89,585,480,0.64,phone
353,78,580,480,0.50,phone
353,66,560,480,0.40,phone
338,77,545,480,0.60,phone
331,104,513,474,0.83,phone
315,125,479,450,0.86,phone
306,133,479,425,0.89,phone
333,176,452,419,0.92,phone
346,189,453,413,0.92,phone
350,197,463,414,0.90,phone
362,200,461,403,0.89,phone
378,221,462,395,0.71,phone
384,225,468,398,0.90,phone
383,249,477,419,0.89,phone
399,282,483,439,0.91,phone
399,283,480,436,0.91,phone
399,286,480,439,0.91,phone
395,287,478,449,0.88,phone
389,286,487,442,0.86,phone
387,288,488,446,0.87,phone
390,289,483,448,0.86,phone
391,288,476,449,0.90,phone
387,285,475,449,0.90,phone
384,287,475,451,0.89,phone
389,289,481,453,0.90,phone
391,292,484,452,0.91,phone
391,292,484,453,0.91,phone
391,293,484,455,0.91,phone
390,294,477,458,0.91,phone
389,293,477,458,0.90,phone
388,293,477,459,0.91,phone
388,293,478,460,0.91,phone
390,293,473,460,0.89,phone
390,293,476,460,0.91,phone
391,293,476,462,0.90,phone
390,294,475,460,0.91,phone
390,294,474,461,0.91,phone
390,294,472,459,0.90,phone
390,294,473,461,0.91,phone
393,295,474,460,0.90,phone
392,294,474,461,0.91,phone
392,295,474,458,0.91,phone
392,295,473,460,0.91,phone
391,295,475,460,0.91,phone
393,295,475,459,0.91,phone
396,294,477,455,0.92,phone
395,294,474,455,0.92,phone
397,294,476,454,0.91,phone
393,293,477,453,0.88,phone
395,296,476,451,0.89,phone
395,294,474,453,0.88,phone
395,293,479,452,0.89,phone
395,293,472,455,0.88,phone
395,294,470,455,0.88,phone
394,294,471,455,0.84,phone
393,293,470,454,0.86,phone
384,292,471,454,0.85,phone
390,293,470,453,0.87,phone
391,292,470,452,0.89,phone
391,293,470,452,0.88,phone
387,293,470,454,0.87,phone
390,293,470,454,0.88,phone
383,294,471,454,0.87,phone
389,294,471,455,0.88,phone
379,294,473,456,0.87,phone
389,294,471,455,0.89,phone
392,294,471,455,0.89,phone
392,295,471,454,0.88,phone
389,294,471,455,0.88,phone
388,294,472,455,0.88,phone
389,294,473,456,0.89,phone
380,295,474,456,0.88,phone
390,295,472,455,0.88,phone
395,295,473,455,0.90,phone
393,293,473,457,0.86,phone
393,294,472,457,0.89,phone
395,294,473,458,0.90,phone
395,295,477,458,0.88,phone
396,295,480,459,0.91,phone
396,295,475,457,0.91,phone
396,295,474,456,0.91,phone
394,295,475,456,0.90,phone
395,296,475,457,0.92,phone
392,295,477,459,0.90,phone
384,296,483,459,0.89,phone
386,296,480,459,0.89,phone
390,295,476,459,0.88,phone
391,295,477,459,0.89,phone
395,296,477,458,0.90,phone
396,297,478,456,0.91,phone
393,296,485,458,0.91,phone
399,296,480,457,0.91,phone
395,295,478,459,0.90,phone
393,294,482,461,0.89,phone
396,294,477,459,0.89,phone
394,294,480,460,0.90,phone
393,295,478,458,0.90,phone
395,295,474,453,0.90,phone
398,296,490,453,0.89,phone
394,275,492,425,0.86,phone
372,273,477,437,0.92,phone
378,281,487,438,0.94,phone
370,284,487,453,0.94,phone
373,283,513,479,0.92,phone
170,12,432,468,0.29,Ball
0,7,631,467,0.55,Pen
17,6,640,472,0.27,Pen
0,3,626,472,0.42,Pen
281,361,472,476,0.25,Ball
282,363,490,475,0.31,Ball
558,412,639,480,0.27,Pen
588,413,640,480,0.35,Pen
594,418,640,480,0.29,Pen
281,367,490,474,0.30,Ball
279,368,490,474,0.29,Ball
280,369,493,473,0.26,Ball
281,367,491,474,0.26,Ball
281,365,485,475,0.31,Ball
284,368,487,475,0.32,Ball
276,368,487,475,0.26,Ball
270,366,480,476,0.25,Ball
277,364,479,476,0.26,Ball
580,425,640,480,0.27,Pen
579,421,640,478,0.28,Pen
559,412,640,480,0.32,Pen
550,411,640,480,0.30,Pen
549,412,640,480,0.28,Pen
549,412,640,480,0.27,Pen
549,412,640,480,0.28,Pen
550,412,640,480,0.27,Pen
277,358,473,477,0.32,Ball
208,376,397,478,0.32,Ball
192,386,384,480,0.55,Ball
199,385,392,480,0.45,Ball
223,382,404,480,0.28,Ball
207,369,398,477,0.26,Ball
549,410,640,480,0.26,Pen
166,357,379,479,0.35,Ball
153,354,368,480,0.31,Ball
548,409,640,480,0.25,Pen
156,360,384,480,0.34,Ball
155,361,385,480,0.25,Ball
155,361,386,480,0.27,Ball
158,361,388,480,0.38,Ball
156,359,385,477,0.34,Ball
550,411,640,480,0.25,Pen
159,362,386,480,0.35,Ball
550,409,640,480,0.26,Pen
155,359,386,477,0.26,Ball
158,362,388,480,0.27,Ball
156,360,390,480,0.35,Ball
550,412,639,478,0.29,Pen
156,356,393,480,0.42,Ball
157,358,394,480,0.28,Ball
154,359,394,479,0.30,Ball
154,359,392,480,0.38,Ball
157,358,393,480,0.37,Ball
155,359,393,480,0.35,Ball
156,363,392,480,0.27,Ball
158,363,391,480,0.30,Ball
157,364,389,480,0.29,Ball
160,364,390,480,0.28,Ball
163,365,389,480,0.34,Ball
159,364,388,480,0.27,Ball
161,363,389,480,0.29,Ball
159,365,389,480,0.26,Ball
159,364,388,480,0.27,Ball
160,362,387,477,0.28,Ball
161,365,389,480,0.25,Ball
158,365,390,480,0.28,Ball
158,361,388,478,0.38,Ball
160,365,390,480,0.29,Ball
160,363,391,476,0.27,Ball
171,365,397,480,0.35,Ball
198,358,420,479,0.28,Ball
226,351,450,480,0.51,Ball
552,405,640,479,0.33,Pen
555,402,640,479,0.25,Pen
551,405,640,479,0.25,Pen
550,404,640,479,0.31,Pen
549,405,640,478,0.32,Pen
548,404,640,479,0.27,Pen
549,405,640,478,0.25,Pen
550,405,640,478,0.33,Pen
550,406,640,479,0.28,Pen
550,405,640,479,0.35,Pen
552,408,640,478,0.34,Pen
181,359,420,480,0.35,Ball
554,412,639,479,0.45,Pen
555,409,640,480,0.37,Pen
556,410,640,480,0.32,Pen
555,411,640,480,0.29,Pen
556,410,640,480,0.45,Pen
555,409,640,480,0.36,Pen
555,409,640,480,0.27,Pen
554,410,640,480,0.39,Pen
556,411,640,480,0.46,Pen
555,409,640,480,0.44,Pen
556,412,640,479,0.41,Pen
557,411,640,479,0.44,Pen
557,410,640,479,0.45,Pen
557,409,640,480,0.42,Pen
554,410,640,480,0.30,Pen
554,410,640,480,0.35,Pen
554,411,640,480,0.33,Pen
554,410,640,480,0.32,Pen
555,410,639,480,0.33,Pen
554,409,640,480,0.29,Pen
555,410,640,480,0.27,Pen
554,411,640,480,0.30,Pen
199,325,434,480,0.25,Ball
194,322,460,480,0.29,phone
202,323,462,480,0.50,phone
199,320,465,480,0.34,phone
233,322,428,480,0.35,Ball
227,326,431,479,0.28,phone
183,332,422,480,0.29,Ball
182,332,425,480,0.26,Ball
551,383,640,479,0.30,Pen
546,382,640,480,0.30,Pen
549,381,640,479,0.26,Pen
548,381,640,478,0.32,Pen
234,317,461,480,0.50,phone
560,383,639,478,0.26,Pen
271,303,633,474,0.36,Pen
558,370,638,477,0.27,Pen
243,310,472,480,0.33,phone
552,383,640,477,0.39,Pen
209,316,514,480,0.27,phone
569,412,638,479,0.27,Pen
221,326,425,480,0.26,phone
212,322,428,480,0.30,phone
207,325,429,480,0.35,phone
209,326,428,480,0.35,phone
207,325,428,480,0.40,phone
201,323,431,480,0.34,phone
211,325,430,480,0.31,phone
221,325,430,480,0.28,phone
221,324,431,480,0.30,phone
215,326,432,480,0.27,phone
216,327,428,480,0.30,phone
215,326,428,480,0.33,phone
222,326,428,480,0.27,phone
225,323,437,480,0.30,Ball
260,319,457,479,0.38,phone
283,409,447,480,0.25,Ball
27,11,640,470,0.31,Pen
227,359,393,480,0.34,Ball
196,330,385,479,0.27,Ball
532,403,640,477,0.25,Pen
516,400,637,480,0.25,Pen
520,403,638,480,0.28,Pen
507,398,640,479,0.27,Pen
538,393,640,476,0.28,Pen
538,390,640,477,0.27,Pen
545,386,640,473,0.34,Pen
538,382,639,475,0.26,Pen
544,371,640,472,0.35,Pen
540,371,640,446,0.44,Pen
538,372,640,456,0.40,Pen
539,372,640,468,0.28,Pen
538,373,639,471,0.38,Pen
538,374,639,472,0.28,Pen
541,371,640,471,0.40,Pen
545,360,640,476,0.27,Pen
544,363,640,470,0.33,Pen
540,362,640,469,0.29,Pen
539,357,640,452,0.37,Pen
538,360,640,468,0.41,Pen
540,362,640,473,0.37,Pen
541,356,640,476,0.27,Pen
539,358,640,474,0.40,Pen
537,362,640,453,0.39,Pen
539,363,640,452,0.31,Pen
537,364,640,452,0.38,Pen
540,362,640,476,0.26,Pen
541,361,640,472,0.32,Pen
539,363,640,447,0.43,Pen
537,366,640,470,0.33,Pen
539,363,640,457,0.37,Pen
544,366,639,472,0.36,Pen
543,366,639,472,0.34,Pen
542,362,640,469,0.36,Pen
543,365,639,473,0.34,Pen
542,364,640,472,0.30,Pen
549,365,639,474,0.29,Pen
545,363,640,475,0.30,Pen
548,364,639,472,0.27,Pen
545,364,640,464,0.38,Pen
545,366,639,469,0.41,Pen
543,364,640,467,0.38,Pen
545,365,640,467,0.40,Pen
545,365,640,473,0.38,Pen
542,366,640,448,0.37,Pen
545,365,639,471,0.34,Pen
543,365,639,467,0.32,Pen
545,365,640,471,0.41,Pen
208,328,414,480,0.26,phone
542,367,640,458,0.39,Pen
543,365,640,466,0.39,Pen
543,365,640,445,0.38,Pen
544,365,639,475,0.29,Pen
544,364,640,474,0.34,Pen
544,364,639,465,0.26,Pen
541,364,640,453,0.37,Pen
544,364,639,476,0.32,Pen
546,364,639,470,0.29,Pen
545,365,640,464,0.43,Pen
543,363,640,453,0.34,Pen
544,364,639,474,0.26,Pen
544,365,640,470,0.35,Pen
542,365,640,454,0.39,Pen
547,366,640,461,0.35,Pen
539,366,640,447,0.47,Pen
541,362,640,474,0.29,Pen
543,362,640,475,0.28,Pen
546,363,640,474,0.30,Pen
546,362,640,474,0.31,Pen
243,314,429,479,0.25,Ball
549,364,639,473,0.27,Pen
544,363,640,453,0.39,Pen
546,364,640,472,0.37,Pen
546,362,639,473,0.26,Pen
550,364,639,475,0.26,Pen
16,17,640,460,0.26,Pen
124,399,286,480,0.31,Ball
159,416,305,480,0.28,Ball
91,294,284,479,0.32,Ball
97,294,286,477,0.38,Ball
413,380,617,480,0.62,Ball
409,329,613,469,0.26,Pen
351,351,469,466,0.75,Ball
465,333,639,479,0.72,Ball
569,320,640,476,0.66,Ball
521,345,640,478,0.74,Ball
108,446,172,480,0.31,Ball
544,382,640,480,0.40,Ball
488,404,640,480,0.70,Ball
331,305,450,418,0.84,Ball
307,374,477,480,0.42,Ball
425,307,498,402,0.64,Ball
359,394,447,480,0.27,phone
333,341,452,470,0.76,Ball
519,291,625,378,0.39,Ball
143,297,289,467,0.41,Ball
161,180,275,291,0.53,Ball
258,377,472,479,0.33,Ball
267,425,457,480,0.38,Ball
295,434,469,480,0.41,Ball
336,292,557,447,0.52,Ball
508,333,640,414,0.26,Pen
487,300,577,401,0.57,Ball
493,296,639,382,0.26,Pen
440,288,542,395,0.70,Ball
270,327,355,427,0.29,Ball
255,247,409,388,0.53,Ball
286,296,382,395,0.68,Ball
380,444,468,480,0.51,Ball
273,412,413,480,0.40,Ball
274,417,407,480,0.68,Ball
598,368,640,480,0.69,Ball
175,366,295,479,0.77,Ball
239,276,317,361,0.38,Ball
201,302,283,395,0.61,Ball
208,312,305,396,0.50,Ball
209,306,307,395,0.42,Ball
213,305,306,396,0.55,Ball
599,357,638,404,0.25,phone
49,6,635,468,0.27,Pen
214,85,412,330,0.48,Ball
531,231,640,389,0.30,Ball
442,204,475,266,0.28,phone
141,91,393,331,0.30,phone
0,11,423,419,0.40,Pen
0,5,415,460,0.54,Pen
147,64,473,480,0.25,Ball
181,66,469,480,0.25,Ball
175,66,473,480,0.31,Ball
161,64,489,480,0.25,Ball
159,58,448,477,0.31,Ball
359,203,639,479,0.25,phone
261,366,486,477,0.39,Ball
265,370,478,477,0.25,Ball
256,339,472,480,0.25,Ball
187,176,453,480,0.27,Ball
147,18,468,480,0.45,Ball
176,5,485,476,0.41,Ball
162,0,639,474,0.26,Ball
162,0,639,472,0.34,Ball
156,0,640,471,0.29,Ball
110,0,559,464,0.26,Ball
155,0,635,473,0.29,Ball
178,9,629,377,0.32,phone
223,2,452,194,0.34,phone
0,122,234,480,0.25,Ball
311,3,626,198,0.29,Ball
320,225,548,477,0.31,Ball
278,1,638,92,0.25,Pen
303,0,637,79,0.35,Pen
272,261,640,480,0.28,Pen
602,403,637,478,0.31,rubik-s cube
398,308,639,480,0.28,Pen
430,299,640,479,0.28,Pen
3,329,312,479,0.28,Ball
0,159,619,475,0.26,Pen
34,7,640,474,0.27,Pen
33,11,497,331,0.51,Ball
474,271,632,474,0.27,Ball
13,0,640,480,0.39,Ball
0,2,628,480,0.46,Ball
0,0,634,480,0.25,Ball
0,32,628,480,0.26,Ball
0,9,629,479,0.30,Ball
0,2,630,480,0.29,Ball
0,0,630,480,0.32,Ball
0,2,630,480,0.28,Ball
0,3,630,479,0.27,Ball
0,4,630,480,0.32,Ball
0,6,630,479,0.34,Ball
0,4,628,478,0.33,Ball
22,0,640,480,0.26,Ball
130,0,640,480,0.26,Ball
193,0,640,480,0.31,Ball
263,0,640,480,0.29,Ball
261,0,640,480,0.47,Ball
250,0,640,476,0.42,Ball
217,0,640,480,0.38,Ball
205,0,640,480,0.49,Ball
217,0,640,479,0.49,Ball
136,0,640,471,0.31,Ball
131,0,640,474,0.43,Ball
141,0,640,469,0.31,Ball
75,0,640,478,0.29,Ball
0,9,293,468,0.33,Ball
519,16,640,274,0.39,Ball
532,20,640,262,0.31,Ball
501,17,639,279,0.29,Ball
490,18,635,207,0.28,Ball
0,13,624,421,0.33,phone
232,0,362,163,0.38,Ball
511,136,637,325,0.39,Ball
309,0,439,144,0.72,Ball
358,0,547,96,0.55,Ball
24,11,640,475,0.61,Ball
4,15,141,452,0.27,Ball
1,5,182,476,0.29,Ball
0,4,185,471,0.30,Ball
0,3,186,475,0.25,Ball
4,0,177,474,0.31,Ball
1,0,102,479,0.27,Ball
0,0,107,475,0.31,Ball
288,14,636,479,0.29,phone
258,12,632,480,0.27,phone
533,238,640,440,0.28,Pen
219,72,448,327,0.36,Ball
217,74,444,315,0.37,Ball
214,76,441,323,0.34,Ball
219,75,441,316,0.52,Ball
220,74,443,319,0.65,Ball
223,76,446,324,0.58,Ball
225,83,444,333,0.31,Ball
225,81,445,319,0.41,Ball
225,83,446,330,0.27,Ball
223,76,446,320,0.70,Ball
224,75,446,321,0.59,Ball
224,77,445,325,0.50,Ball
222,74,449,324,0.48,Ball
202,65,432,443,0.28,Ball
206,70,427,431,0.51,Ball
209,74,423,318,0.27,Ball
193,68,437,477,0.25,phone
327,305,540,480,0.61,phone
328,322,518,480,0.78,phone
339,325,528,480,0.77,phone
341,327,526,480,0.82,phone
207,77,427,403,0.28,Ball
331,328,512,480,0.78,phone
207,76,425,338,0.55,Ball
334,332,514,480,0.80,phone
336,333,516,480,0.84,phone
337,333,514,480,0.85,phone
338,335,513,480,0.84,phone
338,334,512,480,0.85,phone
336,334,513,480,0.84,phone
337,334,513,480,0.85,phone
335,334,515,480,0.81,phone
336,333,512,480,0.85,phone
337,334,513,480,0.83,phone
339,334,514,480,0.85,phone
338,334,516,480,0.84,phone
337,335,513,480,0.83,phone
336,335,511,480,0.84,phone
337,334,513,480,0.84,phone
335,335,513,480,0.84,phone
336,336,516,480,0.83,phone
336,335,515,480,0.83,phone
336,335,513,480,0.83,phone
336,336,512,480,0.84,phone
337,336,512,480,0.85,phone
337,337,514,480,0.83,phone
337,336,512,480,0.84,phone
336,336,510,480,0.83,phone
339,337,514,480,0.83,phone
334,332,517,480,0.82,phone
325,308,539,480,0.43,phone
184,66,417,461,0.61,Ball
303,279,626,479,0.32,phone
286,274,513,480,0.49,phone
237,229,519,480,0.32,phone
138,92,346,288,0.43,Ball
124,91,336,308,0.26,phone
254,149,523,477,0.46,phone
128,97,331,295,0.51,Ball
266,92,511,480,0.27,phone
127,102,323,299,0.35,Ball
126,95,329,295,0.57,Ball
286,108,523,451,0.41,phone
132,89,338,302,0.56,Ball
139,84,354,310,0.55,phone
279,99,534,453,0.57,phone
302,94,551,465,0.50,phone
143,88,356,297,0.51,Ball
147,88,352,300,0.32,phone
145,86,355,303,0.42,Ball
290,91,561,466,0.44,phone
301,100,525,448,0.41,phone
148,89,351,304,0.62,Ball
149,87,352,308,0.38,Ball
304,91,545,466,0.40,phone
295,92,572,460,0.43,phone
285,91,594,466,0.36,phone
148,72,381,453,0.32,phone
314,94,558,440,0.51,phone
319,81,618,465,0.46,phone
323,69,590,429,0.40,phone
322,74,596,422,0.43,phone
327,76,536,413,0.31,phone
328,77,607,456,0.39,phone
332,79,609,444,0.47,phone
330,77,605,457,0.34,phone
329,75,549,418,0.39,phone
333,71,577,436,0.42,phone
334,77,538,416,0.42,phone
335,72,576,435,0.44,phone
327,78,555,419,0.44,phone
330,73,554,424,0.41,phone
324,75,551,418,0.49,phone
323,73,557,417,0.51,phone
319,71,562,425,0.37,phone
321,73,554,417,0.47,phone
329,71,545,422,0.30,phone
324,69,590,445,0.42,phone
160,68,374,428,0.33,Ball
333,71,628,480,0.49,phone
403,57,640,463,0.46,phone
163,95,372,317,0.25,Ball
172,94,381,317,0.29,Ball
391,104,624,443,0.32,phone
418,56,640,429,0.29,phone
204,65,418,437,0.27,Ball
206,63,429,461,0.28,Ball
430,52,640,424,0.32,phone
431,54,640,438,0.28,phone
417,65,640,479,0.41,phone
410,67,640,464,0.37,phone
224,50,461,449,0.61,Ball
389,72,638,414,0.39,phone
226,67,634,473,0.34,phone
383,72,639,423,0.27,phone
384,77,638,412,0.41,phone
389,75,639,409,0.49,phone
391,69,638,421,0.45,phone
392,73,637,415,0.49,phone
389,73,638,412,0.47,phone
388,73,636,413,0.41,phone
405,71,637,412,0.57,phone
404,73,639,414,0.64,phone
406,70,638,405,0.43,phone
386,69,638,409,0.39,phone
387,69,637,408,0.25,phone
391,67,640,411,0.41,phone
392,71,639,401,0.44,phone
409,73,639,396,0.51,phone
409,73,639,396,0.54,phone
394,71,638,408,0.31,phone
391,69,639,409,0.39,phone
406,70,638,406,0.52,phone
392,67,638,409,0.50,phone
392,68,639,409,0.47,phone
389,68,639,405,0.41,phone
406,73,638,403,0.65,phone
389,63,638,420,0.25,phone
383,87,631,429,0.35,phone
207,80,405,434,0.46,Ball
189,75,402,411,0.43,Ball
161,81,389,352,0.34,Ball
152,85,376,325,0.74,Ball
152,81,382,320,0.67,Ball
157,73,396,355,0.55,Ball
164,71,407,339,0.35,Ball
160,60,400,434,0.34,Ball
174,66,405,471,0.30,phone
166,62,408,470,0.40,Ball
165,59,406,464,0.30,Ball
167,61,407,437,0.59,Ball
168,77,395,440,0.47,Ball
165,70,401,415,0.31,Ball
182,68,399,361,0.43,Ball
187,61,410,420,0.33,Ball
192,62,423,408,0.33,phone
217,63,455,410,0.33,phone
443,204,618,405,0.44,phone
8,377,242,480,0.37,Ball
0,373,230,480,0.30,Ball
2,373,237,480,0.25,Ball
6,367,239,480,0.46,Ball
13,358,229,479,0.42,Ball
3,363,228,479,0.49,Ball
10,253,258,480,0.40,phone
9,252,255,480,0.48,phone
3,253,257,480,0.38,phone
206,144,400,416,0.26,phone
5,251,251,480,0.29,phone
5,252,246,480,0.31,phone
7,247,256,480,0.33,phone
7,250,251,480,0.35,phone
12,250,250,480,0.42,phone
227,155,398,329,0.31,Ball
215,148,397,413,0.27,phone
50,253,249,433,0.31,phone
16,246,257,480,0.47,phone
314,284,534,478,0.37,phone
329,287,532,477,0.28,phone
201,73,432,363,0.27,phone
379,137,640,401,0.46,phone
167,64,625,431,0.27,phone
185,45,457,363,0.73,Ball
175,47,464,361,0.36,phone
0,52,628,480,0.31,phone
1,168,244,471,0.53,Ball
413,173,637,475,0.26,phone
0,159,222,449,0.27,phone
410,170,638,478,0.31,phone
0,158,220,474,0.30,phone
431,174,639,480,0.37,phone
1,161,207,470,0.37,phone
169,68,421,324,0.37,phone
460,173,640,478,0.32,phone
174,68,424,319,0.42,phone
178,67,430,329,0.37,phone
181,62,429,321,0.44,Ball
185,69,425,309,0.44,Ball
183,66,429,315,0.36,phone
182,66,427,320,0.42,phone
179,65,425,321,0.48,phone
178,67,424,326,0.27,phone
0,169,211,467,0.41,phone
0,161,229,458,0.39,phone
0,156,244,462,0.44,phone
0,160,243,457,0.55,phone
0,149,242,456,0.26,phone
1,150,239,461,0.34,phone
1,150,241,465,0.41,phone
1,145,244,465,0.31,phone
0,154,246,461,0.43,phone
2,160,262,467,0.30,phone
1,5,266,479,0.29,Ball
226,66,433,429,0.28,Ball
99,25,640,480,0.28,phone
170,0,639,480,0.29,phone
167,226,636,480,0.42,Ball
126,425,343,480,0.30,Pen
133,428,373,480,0.26,Pen
126,427,407,479,0.33,Pen
128,428,407,479,0.33,Pen
372,259,623,480,0.34,Ball
132,428,382,479,0.39,Pen
122,430,349,480,0.37,Pen
121,430,332,480,0.29,Pen
31,19,640,480,0.45,phone
98,1,638,480,0.69,Ball
107,4,640,480,0.70,Ball
114,1,637,476,0.28,Ball
106,0,640,480,0.29,phone
102,1,640,480,0.41,Ball
98,8,640,474,0.30,Ball
118,6,638,477,0.46,Ball
124,14,621,462,0.53,Ball
9,0,609,461,0.26,phone
13,0,609,477,0.52,Ball
0,3,565,480,0.46,Ball
353,166,590,480,0.27,Pen
5,16,619,455,0.81,Ball
201,427,347,480,0.48,Ball
31,4,640,480,0.52,Ball
120,421,348,480,0.51,Pen
118,427,339,480,0.38,Pen
120,427,331,480,0.34,Pen
123,428,325,480,0.40,Pen
124,427,325,480,0.40,Pen
124,429,326,480,0.44,Pen
123,426,326,480,0.32,Pen
124,427,326,480,0.35,Pen
123,428,326,480,0.44,Pen
125,427,324,480,0.41,Pen
123,427,326,480,0.35,Pen
123,429,327,480,0.38,Pen
123,429,326,480,0.39,Pen
124,427,326,480,0.33,Pen
122,426,326,480,0.37,Pen
121,429,328,480,0.36,Pen
124,428,327,480,0.38,Pen
123,427,327,480,0.34,Pen
125,429,326,480,0.44,Pen
125,428,326,480,0.44,Pen
123,427,326,480,0.33,Pen
123,427,326,480,0.34,Pen
124,425,327,480,0.31,Pen
123,428,326,480,0.38,Pen
125,426,325,480,0.42,Pen
124,426,324,480,0.38,Pen
124,428,326,480,0.44,Pen
125,429,325,480,0.46,Pen
123,429,328,480,0.43,Pen
123,428,326,480,0.41,Pen
123,426,326,480,0.34,Pen
123,428,327,480,0.39,Pen
124,429,325,480,0.44,Pen
125,428,325,480,0.43,Pen
124,428,325,480,0.41,Pen
125,428,325,480,0.39,Pen
124,427,325,480,0.40,Pen
122,426,326,480,0.35,Pen
123,428,327,480,0.37,Pen
122,428,326,480,0.32,Pen
123,427,326,480,0.35,Pen
125,426,325,480,0.43,Pen
124,428,325,480,0.43,Pen
123,426,326,480,0.35,Pen
125,427,326,480,0.41,Pen
125,429,326,480,0.46,Pen
126,428,325,480,0.44,Pen
121,427,328,480,0.32,Pen
285,2,640,480,0.41,phone
123,426,327,480,0.36,Pen
182,8,637,480,0.47,Ball
123,427,327,480,0.40,Pen
123,429,327,480,0.36,Pen
235,4,640,480,0.52,phone
270,0,640,480,0.34,phone
125,428,325,480,0.41,Pen
225,1,640,480,0.67,Ball
158,7,631,480,0.62,phone
154,0,476,426,0.26,phone
241,259,637,480,0.53,Ball
223,259,640,480,0.51,Ball
182,248,631,480,0.43,phone
99,248,640,480,0.32,phone
152,200,636,479,0.27,phone
168,228,640,480,0.28,phone
239,8,444,327,0.46,phone
251,206,610,480,0.36,phone
188,71,375,266,0.32,Ball
315,217,640,480,0.29,phone
332,277,629,479,0.41,Pen
197,179,370,362,0.48,Ball
374,266,635,401,0.38,Pen
198,179,368,358,0.28,Ball
196,179,367,356,0.30,phone
194,182,368,361,0.30,phone
485,205,640,480,0.32,phone
469,200,640,474,0.34,phone
442,221,638,469,0.64,phone
426,218,623,460,0.57,phone
415,219,617,470,0.25,phone
203,199,373,361,0.38,phone
205,200,373,363,0.45,phone
214,236,375,365,0.35,phone
431,210,629,468,0.27,phone
201,205,372,360,0.53,phone
193,182,371,367,0.26,phone
468,411,640,479,0.26,Pen
276,352,640,479,0.37,Pen
305,349,635,477,0.58,Pen
315,338,636,477,0.42,Pen
324,331,640,477,0.55,Pen
324,334,639,477,0.52,Pen
323,334,638,477,0.54,Pen
332,326,638,477,0.46,Pen
324,320,639,477,0.62,Pen
318,320,638,476,0.60,Pen
324,332,638,476,0.51,Pen
315,322,634,477,0.48,Pen
328,326,638,478,0.53,Pen
327,337,637,477,0.58,Pen
324,334,639,477,0.57,Pen
325,328,638,476,0.62,Pen
335,322,639,477,0.47,Pen
329,326,637,477,0.57,Pen
333,327,640,478,0.58,Pen
333,334,639,477,0.61,Pen
338,338,638,478,0.43,Pen
331,340,637,478,0.65,Pen
327,336,638,478,0.59,Pen
328,330,636,478,0.62,Pen
338,337,639,477,0.44,Pen
326,336,637,477,0.64,Pen
335,336,635,478,0.54,Pen
328,311,637,477,0.62,Pen
482,223,639,480,0.32,phone
198,186,370,364,0.46,phone
485,159,640,478,0.26,phone
403,255,623,476,0.43,phone
423,252,635,477,0.52,phone
480,223,640,474,0.29,phone
195,185,366,363,0.32,phone
482,195,640,480,0.37,phone
188,177,370,370,0.33,phone
192,181,368,363,0.44,Ball
427,181,640,478,0.29,phone
195,179,369,364,0.34,phone
194,177,369,363,0.26,Ball
488,180,640,479,0.26,phone
193,181,368,360,0.31,Ball
190,179,367,360,0.33,phone
190,178,367,363,0.28,phone
195,179,369,365,0.32,Ball
195,177,370,363,0.27,Ball
2,312,291,479,0.49,Ball
456,251,640,478,0.33,phone
410,215,605,480,0.26,Pen
0,237,210,480,0.29,phone
482,312,640,480,0.28,Ball
437,146,639,472,0.26,Pen
495,326,640,480,0.27,Pen
483,106,633,480,0.29,Pen
458,114,625,475,0.30,Pen
485,325,640,480,0.34,Pen
484,325,640,480,0.29,Pen
484,106,532,424,0.30,Pen
484,332,640,480,0.54,Pen
486,331,640,480,0.46,Pen
460,112,609,480,0.29,Pen
480,102,637,478,0.28,Pen
479,112,581,478,0.28,Pen
493,329,640,480,0.29,Pen
483,107,564,480,0.29,Pen
482,110,568,480,0.30,Pen
493,325,640,480,0.26,Pen
493,325,640,480,0.32,Pen
481,107,580,480,0.29,Pen
483,109,586,480,0.32,Pen
484,112,574,480,0.37,Pen
488,108,575,480,0.30,Pen
491,108,569,480,0.33,Pen
487,107,576,480,0.30,Pen
486,106,574,480,0.32,Pen
485,111,580,480,0.33,Pen
489,330,640,480,0.47,Pen
486,328,640,480,0.27,Pen
478,108,633,480,0.26,Pen
480,110,633,480,0.29,Pen
481,110,634,480,0.38,Pen
487,332,640,479,0.32,Pen
488,333,640,478,0.26,Pen
486,330,640,480,0.35,Pen
488,334,640,480,0.40,Pen
2,333,312,474,0.27,Ball
423,117,565,479,0.31,Pen
541,148,604,477,0.27,Pen
59,334,264,480,0.29,Ball
48,320,292,479,0.31,Ball
222,201,383,379,0.37,Ball
7,271,277,480,0.37,phone
274,333,609,479,0.32,phone
255,322,606,476,0.32,phone
475,205,640,474,0.27,phone
408,199,640,475,0.38,phone
411,204,640,473,0.27,phone
418,206,640,472,0.42,phone
425,206,640,467,0.41,phone
222,199,391,367,0.27,Ball
346,253,638,479,0.33,Ball
405,242,632,480,0.25,Pen
316,244,626,456,0.51,phone
317,242,622,463,0.44,phone
309,241,628,464,0.55,phone
313,242,627,473,0.38,phone
318,248,625,472,0.36,phone
316,247,624,469,0.38,phone
394,234,617,470,0.39,phone
361,233,626,475,0.40,phone
352,231,624,468,0.66,phone
352,231,625,468,0.61,phone
351,236,627,478,0.58,phone
350,237,638,477,0.39,phone
346,230,634,469,0.53,phone
342,229,635,473,0.53,phone
347,235,639,479,0.40,phone
0,319,293,480,0.35,Ball
455,219,640,469,0.55,phone
2,199,610,479,0.31,phone
0,178,498,480,0.35,phone
22,150,511,478,0.31,phone
1,150,299,479,0.39,phone
2,214,230,478,0.26,Ball
243,386,495,480,0.26,phone
0,236,188,480,0.27,Pen
0,238,215,466,0.39,Pen
0,247,204,479,0.34,Pen
186,220,491,479,0.32,phone
217,206,576,480,0.36,phone
201,234,594,475,0.37,phone
199,238,547,480,0.39,phone
209,222,605,474,0.29,phone
359,198,617,480,0.25,Pen
111,220,454,477,0.26,phone
419,181,637,480,0.28,Pen
441,139,634,479,0.46,Pen
452,139,538,477,0.26,Pen
450,144,610,476,0.32,Pen
454,141,555,480,0.35,Pen
450,143,610,477,0.40,Pen
451,143,599,473,0.43,Pen
458,114,597,474,0.28,Pen
469,132,619,475,0.27,Pen
458,154,618,476,0.29,Pen
468,158,516,468,0.29,Pen
461,159,624,477,0.34,Pen
469,160,513,447,0.33,Pen
468,158,534,480,0.26,Pen
459,161,582,480,0.28,Pen
478,162,523,469,0.30,Pen
486,166,522,462,0.29,Pen
485,163,523,461,0.27,Pen
483,160,526,471,0.26,Pen
202,230,378,392,0.25,phone
470,151,615,474,0.30,phone
464,156,607,476,0.34,Pen
200,229,379,391,0.34,phone
460,156,617,475,0.40,phone
459,156,616,476,0.37,Pen
451,155,621,476,0.36,phone
453,154,615,477,0.26,phone
450,154,621,475,0.42,phone
450,153,626,475,0.45,phone
444,153,623,476,0.41,phone
452,155,617,474,0.37,phone
466,149,622,474,0.26,phone
447,156,623,475,0.32,Pen
199,228,377,392,0.37,phone
462,154,604,479,0.35,Pen
199,230,377,391,0.25,phone
194,229,375,395,0.28,phone
445,173,630,479,0.27,Pen
447,164,628,475,0.35,phone
445,175,617,480,0.30,Pen
470,176,540,473,0.39,Pen
456,174,627,478,0.59,phone
199,230,378,391,0.41,phone
459,173,619,478,0.46,phone
461,172,609,478,0.33,phone
198,228,377,393,0.27,phone
463,175,575,473,0.29,Pen
464,171,609,478,0.32,phone
467,170,599,480,0.33,Pen
199,227,377,391,0.26,Ball
448,175,594,474,0.28,Pen
458,164,617,477,0.33,phone
199,228,378,391,0.27,phone
456,163,620,477,0.41,phone
449,163,620,476,0.52,phone
456,170,619,479,0.42,phone
451,171,628,478,0.31,phone
443,175,601,475,0.31,Pen
448,164,626,477,0.45,phone
199,229,377,393,0.30,phone
450,164,620,477,0.36,phone
454,173,587,475,0.27,Pen
458,164,613,476,0.37,phone
460,165,611,477,0.27,phone
460,174,578,476,0.29,Pen
471,168,593,480,0.39,Pen
190,230,374,414,0.33,Ball
467,169,597,480,0.34,Pen
468,175,571,476,0.37,Pen
467,168,597,480,0.39,Pen
460,164,609,478,0.37,Pen
469,173,572,477,0.40,Pen
456,167,611,480,0.26,Pen
453,164,616,479,0.28,phone
464,169,607,480,0.36,Pen
464,169,601,480,0.32,Pen
471,169,590,480,0.45,Pen
469,170,598,480,0.45,Pen
456,172,611,478,0.37,Pen
453,176,586,470,0.28,Pen
455,168,615,473,0.34,phone
465,169,600,480,0.33,Pen
459,170,613,478,0.34,Pen
467,169,598,480,0.39,Pen
463,175,575,472,0.30,Pen
452,175,585,472,0.27,Pen
453,167,616,475,0.32,phone
463,169,603,480,0.39,Pen
466,169,599,480,0.38,Pen
447,175,592,472,0.25,Pen
451,166,621,475,0.32,phone
474,169,586,480,0.39,Pen
459,168,610,473,0.33,Pen
472,171,588,480,0.37,Pen
471,175,563,471,0.28,Pen
467,170,595,480,0.36,Pen
467,170,597,480,0.38,Pen
468,170,597,479,0.43,Pen
191,228,374,391,0.32,phone
471,172,590,480,0.41,Pen
467,172,600,480,0.46,Pen
190,226,375,392,0.32,phone
464,174,602,480,0.47,Pen
457,174,604,480,0.37,Pen
458,173,600,480,0.36,Pen
460,173,601,480,0.36,Pen
454,174,608,480,0.40,Pen
458,174,606,480,0.38,Pen
460,173,600,480,0.36,Pen
188,231,373,411,0.25,Ball
458,172,604,480,0.44,Pen
458,174,605,480,0.37,Pen
199,235,371,393,0.26,Ball
192,229,374,393,0.35,phone
456,173,611,480,0.39,Pen
191,229,374,393,0.36,phone
466,174,574,473,0.46,Pen
456,173,608,480,0.44,Pen
463,173,596,480,0.39,Pen
462,172,604,480,0.44,Pen
190,227,374,391,0.31,phone
468,172,571,474,0.40,Pen
191,227,373,393,0.28,phone
199,236,370,390,0.33,Ball
465,173,601,480,0.46,Pen
460,173,605,480,0.44,Pen
191,227,373,389,0.35,phone
463,173,605,480,0.46,Pen
190,228,374,395,0.32,phone
445,173,615,475,0.46,Pen
190,228,374,395,0.29,phone
456,173,607,480,0.41,Pen
453,175,603,480,0.34,Pen
465,175,588,480,0.37,Pen
449,176,607,480,0.32,Pen
191,229,372,394,0.38,phone
189,227,374,396,0.26,phone
465,180,552,473,0.38,Pen
468,180,550,472,0.34,Pen
466,179,553,474,0.35,Pen
190,229,372,390,0.29,phone
455,175,600,479,0.35,Pen
465,175,592,478,0.40,Pen
458,176,597,479,0.41,Pen
459,173,596,480,0.34,Pen
189,229,373,392,0.44,phone
458,174,601,480,0.37,Pen
456,173,605,480,0.39,Pen
188,227,373,394,0.26,phone
455,174,607,480,0.45,Pen
189,229,373,395,0.28,phone
456,173,611,480,0.41,Pen
453,172,612,480,0.31,Pen
456,173,609,480,0.35,Pen
458,173,602,480,0.33,Pen
465,173,600,480,0.46,Pen
458,173,605,480,0.35,Pen
462,175,604,480,0.43,Pen
466,175,587,479,0.34,Pen
189,228,372,394,0.27,phone
465,176,588,479,0.41,Pen
190,229,372,393,0.32,phone
453,177,563,474,0.36,Pen
436,178,580,475,0.29,Pen
221,237,389,401,0.29,phone
451,203,625,476,0.47,Pen
476,208,627,478,0.39,Pen
224,237,390,400,0.54,Ball
222,237,390,402,0.36,Ball
471,225,635,469,0.51,Pen
471,238,635,461,0.63,Pen
468,238,630,463,0.62,Pen
465,239,634,465,0.59,Pen
469,237,631,460,0.65,Pen
471,238,633,463,0.60,Pen
470,237,634,461,0.70,Pen
472,223,638,466,0.63,Pen
218,235,388,393,0.26,phone
466,235,636,461,0.64,Pen
477,237,634,462,0.52,Pen
471,235,634,464,0.62,Pen
470,231,636,461,0.67,Pen
475,226,637,464,0.43,Pen
473,221,637,467,0.43,Pen
474,225,638,466,0.42,Pen
474,214,638,470,0.39,Pen
468,205,639,472,0.34,Pen
454,218,640,467,0.34,Pen
216,235,383,401,0.27,Ball
449,210,640,472,0.32,Pen
455,212,640,473,0.32,Pen
470,209,638,469,0.34,Pen
431,246,616,478,0.27,Pen
215,234,383,397,0.28,Ball
456,377,638,479,0.26,Pen
418,208,492,476,0.48,Pen
361,224,553,477,0.34,Pen
213,240,388,413,0.28,phone
442,214,617,474,0.34,phone
439,218,624,477,0.37,Pen
445,218,628,476,0.34,phone
442,219,633,480,0.38,Pen
441,215,615,475,0.37,phone
439,219,622,477,0.49,Pen
444,217,627,475,0.28,phone
440,218,635,479,0.33,Pen
211,235,380,409,0.26,Ball
445,219,626,476,0.33,phone
441,221,634,478,0.34,Pen
210,235,379,412,0.30,Ball
439,223,621,476,0.52,Pen
439,219,635,478,0.35,Pen
442,216,628,475,0.36,phone
208,234,379,406,0.40,Ball
207,233,375,413,0.37,Ball
447,214,639,480,0.42,phone
477,215,639,478,0.69,phone
203,230,381,412,0.28,phone
208,236,380,406,0.55,Ball
206,237,382,430,0.39,Ball
208,239,381,424,0.58,Ball
205,233,380,398,0.39,phone
209,236,380,403,0.53,Ball
209,235,379,406,0.27,Ball
205,231,380,413,0.27,phone
209,236,380,408,0.34,Ball
207,237,379,418,0.27,Ball
207,236,380,413,0.37,Ball
208,235,378,403,0.43,Ball
208,237,379,406,0.35,Ball
523,312,640,338,0.43,Pen
538,308,638,336,0.44,Pen
531,311,637,337,0.47,Pen
530,312,639,339,0.62,Pen
529,312,639,339,0.58,Pen
529,312,640,340,0.68,Pen
529,313,640,339,0.49,Pen
529,313,640,338,0.53,Pen
529,312,640,339,0.61,Pen
530,313,640,340,0.55,Pen
529,313,640,339,0.52,Pen
528,313,640,339,0.54,Pen
528,312,640,339,0.58,Pen
530,313,638,345,0.37,Pen
530,313,640,341,0.59,Pen
531,314,640,341,0.66,Pen
530,317,640,343,0.45,Pen
531,317,637,348,0.46,Pen
530,317,640,343,0.53,Pen
530,317,640,343,0.53,Pen
531,317,640,342,0.59,Pen
529,317,639,345,0.61,Pen
530,320,637,352,0.50,Pen
528,319,638,349,0.64,Pen
528,323,637,357,0.36,Pen
531,382,639,411,0.61,Pen
536,385,639,417,0.49,Pen
543,401,640,438,0.63,Pen
545,402,639,438,0.67,Pen
542,401,640,434,0.51,Pen
545,395,637,437,0.32,Pen
546,392,637,430,0.28,Pen
545,393,637,429,0.33,Pen
548,393,637,428,0.51,Pen
550,393,638,430,0.47,Pen
549,393,638,431,0.55,Pen
549,395,638,430,0.53,Pen
549,393,636,428,0.48,Pen
549,392,638,430,0.38,Pen
550,393,636,426,0.45,Pen
551,391,637,427,0.59,Pen
550,392,636,426,0.52,Pen
551,390,637,426,0.53,Pen
551,390,637,427,0.55,Pen
543,385,640,422,0.28,Pen
527,144,640,251,0.40,Pen
211,235,381,413,0.29,phone
548,121,640,217,0.34,Pen
224,236,391,403,0.55,phone
596,94,639,187,0.35,Pen
566,96,638,268,0.29,Pen
231,236,402,395,0.55,phone
224,238,394,405,0.43,phone
227,235,392,404,0.52,phone
224,234,388,400,0.58,phone
220,236,386,402,0.56,phone
215,239,382,425,0.28,phone
216,232,381,398,0.32,Ball
217,232,381,402,0.40,phone
561,111,640,257,0.26,Pen
213,235,381,428,0.30,phone
211,237,380,426,0.32,Ball
563,113,640,253,0.41,Pen
564,115,640,249,0.28,Pen
219,242,385,412,0.54,phone
222,244,387,415,0.36,phone
563,114,640,249,0.25,Pen
221,244,386,415,0.28,phone
221,244,386,414,0.34,phone
563,116,640,249,0.26,Pen
223,243,386,412,0.37,phone
222,245,386,415,0.31,phone
220,244,386,417,0.40,phone
222,242,387,413,0.45,phone
222,243,385,410,0.56,phone
222,243,387,413,0.46,phone
221,243,388,416,0.55,phone
221,242,387,414,0.49,phone
223,241,386,416,0.31,phone
222,242,387,411,0.55,phone
223,242,387,413,0.40,phone
222,244,387,418,0.32,phone
223,244,388,411,0.73,phone
224,242,388,411,0.56,phone
222,243,387,412,0.48,phone
484,156,639,480,0.27,phone
223,242,389,419,0.27,phone
224,242,389,415,0.28,phone
432,202,630,479,0.41,Pen
222,243,389,420,0.27,phone
432,204,632,477,0.31,phone
428,207,632,478,0.32,Pen
226,243,393,415,0.44,phone
421,211,629,478,0.36,Pen
228,243,395,412,0.56,phone
419,212,629,479,0.27,phone
228,243,394,414,0.26,phone
421,211,631,478,0.27,phone
422,212,630,478,0.29,Pen
421,211,634,478,0.31,Pen
422,208,635,475,0.27,phone
228,242,394,411,0.28,phone
421,210,635,477,0.28,Pen
430,209,628,477,0.35,Pen
428,210,626,478,0.27,Pen
431,210,629,479,0.35,Pen
427,209,634,479,0.29,Pen
226,241,395,413,0.30,phone
430,208,633,479,0.36,Pen
429,210,631,479,0.26,Pen
430,206,635,479,0.31,Pen
428,205,635,479,0.26,Pen
430,202,638,480,0.37,phone
228,241,394,415,0.25,phone
431,200,636,480,0.26,Pen
227,242,395,412,0.57,phone
227,240,395,413,0.28,phone
429,202,636,480,0.26,phone
429,203,637,480,0.39,phone
227,242,395,409,0.48,phone
228,242,395,411,0.32,phone
430,202,638,480,0.42,phone
432,205,638,480,0.30,phone
432,205,636,479,0.25,Pen
428,204,637,479,0.26,phone
228,244,392,416,0.30,phone
228,241,393,414,0.30,phone
432,204,638,480,0.47,phone
226,244,394,413,0.58,phone
230,242,400,410,0.67,phone
227,240,397,411,0.52,phone
231,238,402,408,0.57,phone
232,238,403,407,0.36,phone
233,239,401,407,0.38,phone
241,234,418,415,0.47,Ball
237,229,417,420,0.59,phone
256,234,434,419,0.56,Ball
254,233,433,419,0.57,phone
258,237,432,409,0.73,phone
240,232,414,408,0.30,phone
226,238,389,396,0.36,Ball
225,238,388,400,0.42,phone
175,244,343,475,0.46,Ball
277,243,632,477,0.55,phone
303,247,622,477,0.40,phone
314,254,633,480,0.31,phone
197,241,365,398,0.34,phone
199,245,362,392,0.42,Ball
193,240,360,395,0.51,phone
383,245,624,478,0.56,phone
373,242,624,474,0.57,phone
382,245,619,472,0.40,phone
391,250,532,365,0.38,phone
393,256,502,362,0.54,phone
385,246,614,470,0.47,phone
379,254,608,436,0.64,phone
371,257,607,453,0.58,phone
365,257,594,438,0.31,phone
357,262,604,456,0.31,rubik-s cube
371,268,570,425,0.45,phone
375,306,499,436,0.36,phone
383,310,512,429,0.79,phone
384,310,498,428,0.61,phone
375,320,488,432,0.52,phone
355,281,615,476,0.31,phone
341,282,617,476,0.26,phone
195,240,364,410,0.26,phone
368,284,618,476,0.49,phone
404,261,640,471,0.52,phone
412,250,640,459,0.49,phone
410,254,640,452,0.42,phone
411,248,640,470,0.55,phone
402,264,640,479,0.37,phone
340,267,617,478,0.31,phone
341,267,627,476,0.35,phone
216,243,380,409,0.32,Ball
181,273,607,477,0.46,phone
105,246,388,480,0.30,phone
107,237,393,480,0.39,phone
184,224,275,324,0.69,rubik-s cube
179,218,269,322,0.58,rubik-s cube
182,220,278,324,0.43,rubik-s cube
177,224,275,329,0.66,rubik-s cube
180,225,279,330,0.32,rubik-s cube
186,226,280,320,0.45,rubik-s cube
181,225,272,328,0.52,rubik-s cube
185,224,277,328,0.70,rubik-s cube
187,223,278,327,0.63,rubik-s cube
187,221,279,327,0.37,rubik-s cube
183,219,278,324,0.58,rubik-s cube
182,217,279,325,0.65,rubik-s cube
184,218,277,326,0.69,rubik-s cube
185,219,275,326,0.35,rubik-s cube
186,220,277,322,0.59,rubik-s cube
190,222,278,326,0.73,rubik-s cube
189,223,278,326,0.75,rubik-s cube
188,223,277,326,0.73,rubik-s cube
190,223,277,325,0.71,rubik-s cube
189,223,277,325,0.70,rubik-s cube
190,223,277,326,0.71,rubik-s cube
192,226,278,323,0.74,rubik-s cube
191,226,278,321,0.71,rubik-s cube
191,225,279,325,0.62,rubik-s cube
191,225,278,323,0.77,rubik-s cube
190,226,278,323,0.60,rubik-s cube
191,226,278,326,0.79,rubik-s cube
191,226,277,324,0.55,rubik-s cube
190,226,278,325,0.76,rubik-s cube
190,225,278,324,0.79,rubik-s cube
190,225,277,323,0.77,rubik-s cube
190,225,278,324,0.80,rubik-s cube
191,226,278,326,0.81,rubik-s cube
192,228,279,326,0.77,rubik-s cube
192,228,279,328,0.79,rubik-s cube
193,229,279,327,0.80,rubik-s cube
187,226,277,327,0.75,rubik-s cube
143,236,267,367,0.38,rubik-s cube
64,304,247,480,0.77,rubik-s cube
26,330,234,480,0.88,rubik-s cube
17,339,223,480,0.90,rubik-s cube
22,327,228,480,0.88,rubik-s cube
21,325,227,480,0.86,rubik-s cube
29,319,220,480,0.91,rubik-s cube
30,317,219,480,0.92,rubik-s cube
30,316,217,480,0.91,rubik-s cube
26,312,219,480,0.92,rubik-s cube
30,312,219,480,0.91,rubik-s cube
31,311,219,480,0.92,rubik-s cube
28,312,221,480,0.92,rubik-s cube
28,313,218,480,0.92,rubik-s cube
29,312,219,480,0.92,rubik-s cube
26,313,221,480,0.92,rubik-s cube
30,312,220,480,0.92,rubik-s cube
30,312,220,480,0.91,rubik-s cube
29,312,219,480,0.92,rubik-s cube
29,312,219,480,0.92,rubik-s cube
31,313,219,480,0.92,rubik-s cube
29,315,218,480,0.92,rubik-s cube
30,315,219,480,0.92,rubik-s cube
30,315,218,480,0.92,rubik-s cube
31,316,220,480,0.92,rubik-s cube
30,316,224,480,0.92,rubik-s cube
32,316,224,480,0.93,rubik-s cube
34,317,228,480,0.92,rubik-s cube
33,317,229,480,0.93,rubik-s cube
35,317,229,480,0.93,rubik-s cube
33,317,227,480,0.92,rubik-s cube
37,320,226,480,0.93,rubik-s cube
38,320,229,480,0.92,rubik-s cube
43,316,234,480,0.92,rubik-s cube
10,303,218,478,0.89,rubik-s cube
5,297,191,476,0.47,rubik-s cube
0,288,188,480,0.35,rubik-s cube
1,286,196,476,0.69,rubik-s cube
3,285,201,474,0.89,rubik-s cube
2,283,204,475,0.83,rubik-s cube
3,285,204,473,0.91,rubik-s cube
3,282,211,474,0.90,rubik-s cube
5,282,210,469,0.91,rubik-s cube
3,282,216,473,0.81,rubik-s cube
5,281,220,473,0.89,rubik-s cube
4,282,218,474,0.88,rubik-s cube
3,282,221,474,0.90,rubik-s cube
2,282,222,476,0.86,rubik-s cube
4,282,225,476,0.89,rubik-s cube
3,280,228,476,0.87,rubik-s cube
4,282,232,477,0.81,rubik-s cube
8,279,242,474,0.84,rubik-s cube
15,273,241,467,0.81,rubik-s cube
54,277,240,461,0.66,rubik-s cube
86,297,244,475,0.33,rubik-s cube
101,295,262,476,0.36,rubik-s cube
69,305,330,479,0.50,rubik-s cube
75,305,291,479,0.56,rubik-s cube
60,302,300,480,0.33,rubik-s cube
106,303,293,468,0.50,rubik-s cube
105,292,281,459,0.57,rubik-s cube
102,291,289,459,0.60,phone
107,284,283,448,0.87,rubik-s cube
111,277,282,437,0.88,rubik-s cube
120,264,303,434,0.64,rubik-s cube
125,248,377,434,0.71,rubik-s cube
133,253,370,431,0.53,rubik-s cube
135,258,338,427,0.71,rubik-s cube
139,258,320,424,0.80,rubik-s cube
136,251,382,431,0.70,rubik-s cube
136,250,379,433,0.69,rubik-s cube
138,251,368,435,0.67,rubik-s cube
142,257,317,424,0.82,rubik-s cube
145,259,324,423,0.80,rubik-s cube
154,244,381,420,0.68,rubik-s cube
171,245,373,414,0.61,rubik-s cube
174,243,378,414,0.64,phone
207,250,366,405,0.62,rubik-s cube
205,251,373,404,0.75,phone
177,242,385,477,0.29,phone
201,249,358,375,0.30,phone
43,228,240,454,0.30,rubik-s cube
80,256,226,416,0.58,phone
80,263,230,420,0.72,phone
84,276,238,450,0.77,rubik-s cube
78,274,240,450,0.83,rubik-s cube
80,270,240,449,0.74,rubik-s cube
89,269,245,423,0.52,rubik-s cube
91,268,242,420,0.56,phone
105,265,247,421,0.50,phone
104,266,249,423,0.63,rubik-s cube
145,228,261,348,0.84,phone
160,226,260,328,0.54,phone
152,225,255,325,0.29,phone
147,224,242,335,0.39,phone
152,236,249,329,0.74,phone
154,236,250,330,0.69,phone
153,237,250,332,0.78,phone
154,236,245,330,0.75,phone
152,242,247,347,0.80,phone
155,241,263,356,0.77,rubik-s cube
159,244,271,357,0.71,phone
160,245,276,362,0.59,rubik-s cube
166,244,275,354,0.63,rubik-s cube
159,243,269,352,0.50,rubik-s cube
156,245,266,351,0.52,phone
159,244,265,353,0.33,phone
158,244,265,355,0.37,rubik-s cube
154,242,263,356,0.52,rubik-s cube
150,242,266,361,0.33,rubik-s cube
157,243,265,357,0.69,rubik-s cube
149,244,266,364,0.67,rubik-s cube
154,242,265,357,0.68,rubik-s cube
157,243,265,359,0.71,rubik-s cube
155,243,266,358,0.80,rubik-s cube
156,242,267,361,0.74,rubik-s cube
155,243,266,358,0.71,rubik-s cube
155,243,266,358,0.69,rubik-s cube
149,243,267,362,0.67,rubik-s cube
158,244,267,355,0.42,phone
152,240,267,360,0.43,rubik-s cube
155,244,266,358,0.72,rubik-s cube
153,243,268,361,0.66,rubik-s cube
150,244,267,359,0.45,rubik-s cube
157,243,266,357,0.74,rubik-s cube
157,244,266,358,0.81,rubik-s cube
154,243,267,358,0.75,rubik-s cube
157,243,267,358,0.61,rubik-s cube
154,243,267,361,0.76,rubik-s cube
157,243,268,360,0.78,rubik-s cube
158,243,268,360,0.74,rubik-s cube
154,244,270,362,0.59,rubik-s cube
159,244,268,356,0.57,rubik-s cube
156,243,269,359,0.74,rubik-s cube
159,243,268,357,0.54,rubik-s cube
157,243,267,359,0.69,rubik-s cube
159,243,269,360,0.66,rubik-s cube
160,244,267,358,0.74,rubik-s cube
157,243,268,360,0.72,rubik-s cube
154,242,270,362,0.79,rubik-s cube
150,244,269,365,0.75,rubik-s cube
153,244,267,362,0.76,rubik-s cube
156,243,267,361,0.73,rubik-s cube
154,243,270,362,0.44,rubik-s cube
156,244,270,363,0.67,rubik-s cube
154,244,270,362,0.70,rubik-s cube
152,244,271,361,0.61,rubik-s cube
154,245,270,363,0.72,rubik-s cube
158,244,269,360,0.39,rubik-s cube
152,244,268,363,0.77,rubik-s cube
156,243,269,361,0.79,rubik-s cube
157,244,268,360,0.70,rubik-s cube
157,243,269,359,0.80,rubik-s cube
155,244,268,362,0.79,rubik-s cube
152,244,270,363,0.71,rubik-s cube
153,243,270,365,0.52,rubik-s cube
154,243,270,364,0.64,rubik-s cube
152,245,270,364,0.54,rubik-s cube
159,244,268,358,0.71,rubik-s cube
160,244,268,359,0.61,rubik-s cube
154,245,270,361,0.71,rubik-s cube
158,245,269,361,0.76,rubik-s cube
158,244,269,360,0.79,rubik-s cube
153,244,270,365,0.70,rubik-s cube
155,244,270,360,0.77,rubik-s cube
154,244,268,363,0.78,rubik-s cube
154,243,270,362,0.79,rubik-s cube
156,243,270,361,0.75,rubik-s cube
150,244,271,365,0.83,rubik-s cube
154,244,270,362,0.71,rubik-s cube
152,243,270,364,0.73,rubik-s cube
155,245,270,362,0.55,rubik-s cube
158,245,269,360,0.69,rubik-s cube
148,245,270,366,0.70,rubik-s cube
155,244,271,361,0.48,rubik-s cube
157,244,269,360,0.72,rubik-s cube
156,245,271,363,0.69,rubik-s cube
150,244,272,365,0.79,rubik-s cube
152,243,268,363,0.85,rubik-s cube
154,244,272,364,0.77,rubik-s cube
221,243,382,406,0.59,phone
0,393,288,479,0.51,Ball
228,243,397,411,0.76,phone
0,393,287,479,0.46,Ball
245,246,421,429,0.30,phone
0,393,282,479,0.48,Ball
0,392,294,479,0.34,Ball
248,250,427,429,0.44,phone
250,259,432,462,0.26,phone
246,253,421,451,0.46,phone
227,254,390,416,0.29,Ball
228,246,389,421,0.26,Ball
226,245,389,416,0.37,phone
227,246,391,416,0.55,Ball
226,245,387,414,0.30,phone
225,246,388,427,0.35,phone
219,245,385,424,0.41,Ball
225,246,388,434,0.26,Ball
227,246,391,418,0.27,phone
225,249,390,428,0.38,phone
222,245,391,425,0.48,phone
224,245,386,429,0.25,Ball
220,245,395,430,0.26,phone
227,246,394,419,0.29,phone
218,245,384,427,0.53,Ball
220,244,383,423,0.28,phone
214,242,382,424,0.31,Ball
215,242,380,416,0.25,Ball
220,242,385,421,0.33,phone
218,243,384,422,0.35,Ball
222,243,389,424,0.50,phone
225,247,388,426,0.41,phone
225,246,389,422,0.34,phone
225,247,390,425,0.49,phone
227,247,391,425,0.31,phone
226,249,389,428,0.28,Ball
226,248,389,425,0.30,phone
226,249,390,428,0.26,phone
225,248,391,430,0.44,phone
226,246,389,429,0.31,phone
225,246,389,431,0.38,Ball
226,246,389,430,0.33,phone
226,247,391,429,0.25,phone
225,246,391,426,0.26,phone
216,243,383,428,0.53,Ball
217,240,386,430,0.27,phone
216,241,383,436,0.27,Ball
215,239,386,434,0.34,Ball
223,242,390,435,0.31,phone
222,243,390,436,0.50,Ball
225,245,391,432,0.36,phone
225,246,390,434,0.43,Ball
226,248,392,430,0.30,phone
225,245,393,432,0.35,Ball
223,244,392,432,0.37,phone
224,243,389,433,0.34,phone
222,245,388,427,0.34,phone
218,243,384,430,0.31,Ball
208,240,379,427,0.27,phone
216,243,383,426,0.51,phone
224,246,390,422,0.58,phone
227,246,394,419,0.47,phone
228,248,392,421,0.30,phone
226,247,389,428,0.26,phone
228,249,389,424,0.31,phone
229,247,393,415,0.46,phone
234,247,404,419,0.35,phone
235,248,405,423,0.33,phone
233,246,404,423,0.43,phone
225,245,392,423,0.43,phone
223,242,388,427,0.26,phone
222,243,387,428,0.27,Ball
227,246,394,424,0.38,phone
224,242,389,421,0.39,phone
225,247,390,430,0.34,phone
227,245,393,424,0.26,Ball
227,247,390,425,0.40,Ball
225,245,387,425,0.27,phone
223,244,388,427,0.46,Ball
226,246,389,426,0.35,phone
227,245,391,419,0.28,phone
228,245,393,415,0.27,phone
227,244,394,419,0.31,phone
228,246,395,418,0.27,phone
228,244,395,420,0.33,phone
227,243,394,421,0.26,phone
225,244,392,423,0.34,phone
225,244,392,459,0.28,Ball
220,245,398,461,0.29,phone
224,242,392,441,0.25,phone
225,244,391,445,0.30,Ball
224,245,393,437,0.45,phone
223,244,393,434,0.45,phone
223,247,389,443,0.40,Ball
225,243,389,435,0.30,Ball
226,246,391,431,0.36,Ball
225,246,390,423,0.30,phone
225,246,392,425,0.38,phone
225,245,391,426,0.30,phone
221,243,397,441,0.27,phone
225,244,390,422,0.28,phone
226,245,393,436,0.28,Ball
229,243,399,420,0.26,phone
224,245,391,429,0.50,Ball
223,243,389,422,0.38,phone
218,244,387,431,0.57,Ball
219,243,387,430,0.27,Ball
224,244,392,428,0.29,Ball
225,244,391,425,0.30,phone
224,245,392,430,0.26,phone
223,246,391,436,0.34,Ball
216,241,385,436,0.26,Ball
217,242,385,431,0.37,Ball
224,247,388,429,0.29,phone
215,241,384,424,0.32,phone
221,244,388,428,0.30,Ball
226,246,393,427,0.27,phone
220,243,386,433,0.32,Ball
169,230,332,408,0.31,Ball
395,251,492,340,0.35,phone
407,241,505,341,0.38,rubik-s cube
398,238,490,329,0.52,phone
399,237,494,332,0.44,phone
401,236,504,330,0.39,phone
401,236,504,334,0.30,phone
400,238,507,336,0.35,phone
396,242,499,335,0.65,phone
394,244,498,336,0.69,phone
372,236,469,330,0.29,phone
353,229,460,336,0.45,phone
342,221,453,343,0.39,rubik-s cube
343,229,464,354,0.50,rubik-s cube
346,230,465,353,0.71,phone
365,248,470,356,0.64,rubik-s cube
366,250,474,359,0.67,phone
331,289,438,407,0.25,phone
331,290,438,403,0.79,rubik-s cube
336,291,442,401,0.56,rubik-s cube
342,291,444,412,0.70,rubik-s cube
340,291,441,412,0.42,rubik-s cube
345,292,442,407,0.50,rubik-s cube
344,291,443,414,0.66,rubik-s cube
346,291,443,407,0.32,rubik-s cube
343,290,437,412,0.59,rubik-s cube
349,287,438,389,0.65,rubik-s cube
349,290,442,405,0.47,rubik-s cube
348,289,442,403,0.61,rubik-s cube
349,290,441,399,0.44,rubik-s cube
350,290,440,393,0.47,rubik-s cube
350,290,442,398,0.50,rubik-s cube
351,292,443,399,0.41,rubik-s cube
351,292,442,399,0.25,rubik-s cube
350,292,443,407,0.38,rubik-s cube
350,291,440,400,0.61,rubik-s cube
349,291,441,401,0.57,rubik-s cube
350,291,441,411,0.58,rubik-s cube
351,292,439,405,0.51,rubik-s cube
348,292,441,399,0.67,rubik-s cube
342,293,451,410,0.68,rubik-s cube
322,296,450,442,0.88,rubik-s cube
296,291,455,461,0.88,rubik-s cube
299,279,470,443,0.84,rubik-s cube
313,287,473,460,0.92,rubik-s cube
298,294,459,455,0.89,rubik-s cube
300,304,456,461,0.86,rubik-s cube
303,306,456,466,0.87,rubik-s cube
300,305,458,467,0.85,rubik-s cube
303,306,457,468,0.87,rubik-s cube
303,307,454,467,0.89,rubik-s cube
300,305,451,467,0.90,rubik-s cube
300,306,449,467,0.92,rubik-s cube
298,307,450,468,0.91,rubik-s cube
300,305,447,471,0.91,rubik-s cube
294,305,445,470,0.92,rubik-s cube
296,287,455,462,0.91,rubik-s cube
296,272,452,452,0.91,rubik-s cube
304,254,460,423,0.90,rubik-s cube
317,240,473,419,0.92,rubik-s cube
325,232,478,411,0.88,rubik-s cube
339,223,485,381,0.89,rubik-s cube
349,209,499,376,0.89,rubik-s cube
350,211,500,382,0.91,rubik-s cube
347,217,501,392,0.91,rubik-s cube
348,218,505,395,0.92,rubik-s cube
351,218,504,388,0.91,rubik-s cube
353,217,503,384,0.92,rubik-s cube
354,221,504,385,0.91,rubik-s cube
358,222,511,395,0.91,rubik-s cube
358,220,509,390,0.92,rubik-s cube
358,220,508,384,0.92,rubik-s cube
359,226,517,407,0.89,rubik-s cube
367,227,523,404,0.86,rubik-s cube
374,219,532,389,0.87,rubik-s cube
389,204,560,378,0.77,rubik-s cube
394,200,559,361,0.79,rubik-s cube
394,206,555,382,0.85,rubik-s cube
404,208,568,381,0.85,rubik-s cube
402,209,568,376,0.85,rubik-s cube
396,205,566,381,0.71,rubik-s cube
400,212,554,369,0.71,rubik-s cube
402,210,551,329,0.52,rubik-s cube
422,208,562,319,0.61,phone
423,205,565,319,0.74,phone
421,206,565,320,0.37,phone
424,207,566,320,0.68,phone
393,196,627,480,0.44,phone
420,207,567,329,0.26,phone
404,208,633,473,0.27,phone
396,226,624,473,0.46,phone
338,298,520,480,0.45,phone
337,295,511,480,0.42,phone
340,297,520,480,0.44,phone
341,298,498,471,0.31,phone
344,298,464,424,0.72,rubik-s cube
341,298,465,422,0.61,rubik-s cube
339,300,466,432,0.43,rubik-s cube
380,320,474,401,0.35,phone
367,308,487,390,0.41,phone
375,317,470,415,0.68,phone
353,305,470,421,0.74,rubik-s cube
8,262,401,480,0.28,phone
1,262,397,480,0.34,phone
178,358,493,478,0.25,Ball
195,346,408,478,0.34,Ball
152,341,471,478,0.28,Pen
344,281,466,404,0.34,phone
357,256,479,374,0.80,rubik-s cube
354,246,474,365,0.84,rubik-s cube
354,248,476,370,0.88,rubik-s cube
343,240,469,362,0.84,rubik-s cube
347,240,471,367,0.82,rubik-s cube
2,389,233,480,0.33,phone
362,235,483,354,0.70,rubik-s cube
364,243,491,371,0.28,rubik-s cube
377,240,507,363,0.69,rubik-s cube
397,233,523,339,0.32,phone
431,206,560,310,0.38,phone
454,209,575,309,0.71,phone
485,220,606,318,0.83,phone
491,219,614,320,0.34,phone
469,231,598,333,0.58,phone
443,247,573,357,0.32,phone
388,288,531,413,0.58,rubik-s cube
375,304,521,422,0.71,rubik-s cube
382,311,533,419,0.45,phone
383,308,529,420,0.57,rubik-s cube
373,316,523,425,0.78,phone
1,386,223,479,0.34,phone
374,316,520,425,0.37,rubik-s cube
371,315,522,427,0.64,phone
376,312,525,424,0.48,phone
377,310,524,422,0.49,rubik-s cube
2,387,224,479,0.26,phone
376,308,523,422,0.69,rubik-s cube
376,306,519,420,0.75,rubik-s cube
377,306,523,420,0.78,rubik-s cube
380,304,526,420,0.62,rubik-s cube
2,388,225,479,0.27,phone
386,303,522,418,0.66,rubik-s cube
389,304,521,415,0.80,rubik-s cube
391,303,521,415,0.83,rubik-s cube
389,302,523,414,0.80,rubik-s cube
2,386,223,479,0.30,phone
390,303,521,415,0.81,rubik-s cube
2,387,224,479,0.25,phone
389,303,522,416,0.79,rubik-s cube
393,302,521,415,0.86,rubik-s cube
393,302,521,416,0.84,rubik-s cube
393,300,523,417,0.84,rubik-s cube
392,300,522,414,0.82,rubik-s cube
392,299,525,416,0.81,rubik-s cube
392,299,526,415,0.84,rubik-s cube
392,296,526,416,0.72,rubik-s cube
392,298,526,416,0.67,rubik-s cube
390,297,527,416,0.65,rubik-s cube
392,297,527,414,0.62,rubik-s cube
390,300,527,417,0.65,rubik-s cube
390,299,525,416,0.76,rubik-s cube
392,301,523,414,0.84,rubik-s cube
392,299,523,415,0.78,rubik-s cube
392,300,523,414,0.69,rubik-s cube
392,300,524,416,0.79,rubik-s cube
392,301,522,414,0.79,rubik-s cube
392,301,522,415,0.84,rubik-s cube
391,299,524,415,0.77,rubik-s cube
1,387,223,479,0.26,phone
391,298,527,417,0.60,rubik-s cube
393,299,523,411,0.83,rubik-s cube
394,298,526,412,0.50,phone
391,301,526,410,0.57,rubik-s cube
393,297,529,414,0.38,rubik-s cube
394,296,528,413,0.65,rubik-s cube
392,296,527,413,0.38,rubik-s cube
393,297,528,416,0.39,rubik-s cube
396,293,530,414,0.57,rubik-s cube
394,294,529,415,0.44,rubik-s cube
394,296,527,416,0.27,rubik-s cube
230,235,401,415,0.36,phone
220,237,395,434,0.48,phone
198,66,492,473,0.49,Ball
178,65,475,470,0.39,phone
177,57,476,445,0.40,Ball
176,65,464,478,0.48,phone
173,59,469,479,0.51,Ball
183,60,472,426,0.43,Ball
187,66,473,474,0.43,phone
185,63,476,477,0.34,phone
194,70,473,457,0.28,phone
195,63,469,413,0.33,Ball
192,65,475,475,0.33,phone
182,61,476,480,0.51,phone
165,66,469,480,0.49,phone
154,60,445,442,0.39,phone
156,64,440,474,0.44,Ball
148,63,432,480,0.48,phone
141,66,443,474,0.49,Ball
140,69,422,478,0.37,phone
135,61,431,480,0.66,Ball
140,69,425,474,0.32,phone
134,56,432,475,0.58,Ball
139,73,425,476,0.42,phone
133,61,433,480,0.63,Ball
132,50,430,478,0.34,phone
