0 0.675 0.25546875 0.040625 0.42578125
0 0.40703125 0.25546875 0.040625 0.42578125
0 0.1421875 0.25625 0.040625 0.42734375
0 0.053125 0.740625 0.03671875 0.42578125
0 0.315625 0.25546875 0.03828125 0.42578125
0 0.14296875 0.74140625 0.040625 0.425
0 0.053125 0.25625 0.03828125 0.42734375
0 0.85 0.25546875 0.0328125 0.42578125
0 0.23359375 0.25625 0.0578125 0.42734375
0 0.7609375 0.25546875 0.02890625 0.42578125
0 0.5890625 0.25546875 0.06171875 0.42578125
0 0.40703125 0.74140625 0.03046875 0.425
0 0.4953125 0.25546875 0.03046875 0.42578125
0 0.50078125 0.74140625 0.0515625 0.425
0 0.58515625 0.74140625 0.03828125 0.425
0 0.93984375 0.740625 0.03828125 0.42578125
0 0.85078125 0.74140625 0.02890625 0.425
0 0.94140625 0.25546875 0.0359375 0.42578125
0 0.76484375 0.740625 0.053125 0.42578125
0 0.31953125 0.74140625 0.03203125 0.425