0 0.4078125 0.25546875 0.04140625 0.4265625
0 0.675 0.25546875 0.03984375 0.4265625
0 0.1421875 0.25546875 0.03984375 0.4265625
0 0.14296875 0.74140625 0.03984375 0.425
0 0.31640625 0.25546875 0.03828125 0.4265625
0 0.05234375 0.74140625 0.03828125 0.425
0 0.85078125 0.25546875 0.03203125 0.425
0 0.053125 0.25546875 0.03828125 0.4265625
0 0.5890625 0.25546875 0.0609375 0.4265625
0 0.234375 0.25546875 0.06015625 0.4265625
0 0.49609375 0.25546875 0.03125 0.4265625
0 0.50078125 0.74140625 0.0515625 0.425
0 0.5859375 0.74140625 0.03828125 0.425
0 0.4078125 0.74140625 0.03125 0.425
0 0.93984375 0.74140625 0.0390625 0.425
0 0.76640625 0.740625 0.05390625 0.42421875
0 0.93984375 0.25546875 0.03671875 0.4265625
0 0.85078125 0.7421875 0.02890625 0.42421875
0 0.23203125 0.74140625 0.03671875 0.425
0 0.7609375 0.25546875 0.02734375 0.425
0 0.675 0.74140625 0.03671875 0.425
0 0.31953125 0.74140625 0.03203125 0.425