0 0.05703125 0.2609375 0.08828125 0.459375
0 0.1359375 0.2609375 0.06328125 0.45390625
0 0.2296875 0.2578125 0.109375 0.45234375
0 0.3234375 0.26015625 0.078125 0.43515625
0 0.403125 0.26328125 0.0796875 0.44609375
0 0.49765625 0.26328125 0.0734375 0.45859375
0 0.58984375 0.2703125 0.07890625 0.45703125
0 0.66875 0.26171875 0.07578125 0.4390625
0 0.76015625 0.25859375 0.08125 0.46171875
0 0.84453125 0.26015625 0.090625 0.4578125
0 0.9390625 0.2515625 0.0890625 0.46875
0 0.85546875 0.73671875 0.09375 0.44296875
0 0.93828125 0.7484375 0.065625 0.471875
0 0.7578125 0.73984375 0.0859375 0.4625
0 0.66875 0.73046875 0.0875 0.4609375
0 0.50078125 0.73515625 0.0875 0.44453125
0 0.5765625 0.73828125 0.08203125 0.4421875
0 0.41640625 0.74375 0.0953125 0.47109375
0 0.31953125 0.746875 0.10546875 0.44765625
0 0.23671875 0.7453125 0.0984375 0.46875
0 0.0609375 0.7421875 0.0875 0.4671875
0 0.14140625 0.74453125 0.09921875 0.45